d =  1.6
rhf:  -108.67486727
uhf:  -108.67609385
ghf:  -108.68131757
agp:  -108.67819873
pfaffian:  -108.68339159
