4.9798951319e-01 4.7812743305e-01 6.7424629533e-04 -1.3320562729e-01 2.9964679301e-05 5.4903203451e-02 -1.7474593672e-04 -2.5130236261e-02 
4.7812743305e-01 5.0146287841e-01 1.4522902250e-01 -1.0342350025e-03 -1.6888721318e-02 4.1728180970e-04 3.7477414858e-03 -1.7474593673e-04 
6.7424629533e-04 1.4522902250e-01 4.9997732469e-01 4.5676055197e-01 -2.2024453572e-04 -1.3138983861e-01 4.1728180970e-04 5.4903203451e-02 
-1.3320562729e-01 -1.0342350025e-03 4.5676055197e-01 5.0057028371e-01 1.5277233338e-01 -2.2024453572e-04 -1.6888721318e-02 2.9964679301e-05 
2.9964679301e-05 -1.6888721318e-02 -2.2024453572e-04 1.5277233338e-01 5.0057028371e-01 4.5676055197e-01 -1.0342350025e-03 -1.3320562729e-01 
5.4903203451e-02 4.1728180970e-04 -1.3138983861e-01 -2.2024453572e-04 4.5676055197e-01 4.9997732469e-01 1.4522902250e-01 6.7424629533e-04 
-1.7474593672e-04 3.7477414858e-03 4.1728180970e-04 -1.6888721318e-02 -1.0342350025e-03 1.4522902250e-01 5.0146287841e-01 4.7812743305e-01 
-2.5130236261e-02 -1.7474593673e-04 5.4903203451e-02 2.9964679301e-05 -1.3320562729e-01 6.7424629533e-04 4.7812743305e-01 4.9798951319e-01 
