1.9412991976e-01 3.5883445450e-01 4.4580625020e-01 -3.6441419977e-01 -3.6324745474e-01 -4.4601984830e-01 -3.6279697926e-01 -1.9876222026e-01 
2.9261970167e-01 4.5190880426e-01 4.0863066471e-01 -2.1127233868e-01 2.0549901573e-01 4.0412175564e-01 4.5295126072e-01 2.9635795612e-01 
4.1290952356e-01 3.6136151264e-01 -1.1747113859e-01 4.3023416744e-01 4.3351193507e-01 1.2256613187e-01 -3.5745441543e-01 -4.1145347449e-01 
4.5408480464e-01 1.9087724873e-01 -3.4709983973e-01 3.7076252653e-01 -3.7133387041e-01 -3.5032762503e-01 1.8825474269e-01 4.5096738238e-01 
4.5408480464e-01 -1.9087724873e-01 -3.4709983973e-01 -3.7076252653e-01 -3.7133387041e-01 3.5032762503e-01 1.8825474269e-01 -4.5096738238e-01 
4.1290952356e-01 -3.6136151264e-01 -1.1747113859e-01 -4.3023416744e-01 4.3351193507e-01 -1.2256613187e-01 -3.5745441543e-01 4.1145347449e-01 
2.9261970167e-01 -4.5190880426e-01 4.0863066471e-01 2.1127233868e-01 2.0549901573e-01 -4.0412175564e-01 4.5295126072e-01 -2.9635795612e-01 
1.9412991976e-01 -3.5883445450e-01 4.4580625020e-01 3.6441419977e-01 -3.6324745474e-01 4.4601984830e-01 -3.6279697926e-01 1.9876222026e-01 
