7.5669943027e-02 2.2253309670e-01 1.0783897804e-01 4.5111547098e-03 -6.5987062780e-02 3.9232357117e-02 -1.3211863359e-01 1.4234356785e-02 -1.6699981713e-01 -3.9613819404e-01 1.6462597674e-01 3.6724698952e-02 -5.3084998964e-02 3.7224439640e-02 -7.6493693076e-02 -7.7155583200e-02 -5.5955527385e-02 4.1393932554e-01 -2.3554853514e-01 2.4179585814e-03 1.0865007161e-01 4.9573011078e-02 6.6879518808e-03 -1.1114156043e-02 -4.7976816326e-02 -3.9152025841e-01 -1.2944802710e-01 -6.3536640659e-02 -7.2524081718e-02 5.2992511261e-02 1.2535318090e-01 4.6442830285e-02 -1.0613635960e-01 4.0796076480e-01 -8.0188870118e-02 -2.2233739989e-01 
8.0959578703e-03 2.3621718996e-01 -1.4794953621e-02 3.7845694727e-01 -5.3568672024e-02 1.2234029362e-01 -3.4916130939e-02 7.8727094703e-03 7.3296224359e-02 -2.3767581310e-01 -3.9647393022e-02 3.3166876530e-01 -2.1079758083e-01 5.7385537662e-02 -3.6032242141e-02 1.1330047508e-01 -2.2697778950e-01 2.3459140264e-02 4.2075880365e-03 3.7227385411e-01 -1.1512951785e-01 -1.8136737735e-01 -5.7267952889e-02 9.6472985453e-02 -1.3869296204e-01 4.8563200142e-02 -1.1490956161e-01 3.6662907850e-01 7.4007709435e-02 1.0701508288e-01 2.9815702367e-02 3.1589495686e-02 1.2855507428e-01 -1.9248900644e-01 1.2364600011e-02 2.3472132724e-01 
7.5669950927e-02 2.2253338248e-01 5.9031698356e-02 2.3316075534e-01 -1.4513989551e-01 1.2133621074e-01 -2.7160013829e-01 -1.7894846367e-01 -1.3214197973e-01 5.5928551100e-02 -4.9961223152e-02 -2.3006053372e-02 -3.5185898226e-01 -8.8093857864e-02 1.3784826114e-01 3.0903345955e-04 7.6694813982e-02 -2.4384557251e-01 1.7822352116e-01 -3.7860990097e-02 -3.4262054306e-02 3.0413281870e-01 -4.7043813381e-02 2.3639954388e-01 4.2561074115e-02 1.9680412802e-01 1.0004948761e-01 -2.7776941539e-01 -5.8484928084e-02 7.0788358621e-02 2.4331628203e-01 2.6384889820e-01 -3.4764487060e-03 7.1988731172e-04 -8.0188856627e-02 -2.2233711915e-01 
8.0959572691e-03 2.3621732890e-01 4.3254192564e-02 2.1485773900e-01 2.8602528281e-01 1.3632105239e-01 -2.2256512390e-01 -2.3396721657e-02 4.4509863525e-02 1.5471557908e-01 8.9930123941e-02 -5.5677446484e-02 1.5794438096e-01 -3.3663269209e-01 2.3240172134e-01 -3.3837616056e-02 1.0371192445e-01 -1.0070456291e-01 1.6861821840e-02 -1.0999615746e-01 1.2739801390e-01 9.3199391451e-02 3.9419299297e-01 -9.0066172343e-02 -5.6144004629e-03 -1.3455264758e-01 3.3135078496e-02 2.2234380646e-01 -2.3827744775e-01 2.0638662484e-01 -5.6246625928e-02 -1.9457677625e-01 7.7255433694e-02 1.5204176072e-01 1.2364550068e-02 2.3472126800e-01 
7.5669976476e-02 2.2253323477e-01 -3.7969097982e-02 -1.7774113079e-01 2.2554933001e-01 1.3847625172e-01 -2.6793770327e-01 -1.8476429891e-01 -8.9592248175e-02 -5.4575385179e-02 -1.1466452636e-01 -1.3718013231e-02 4.0494415058e-01 5.0869889064e-02 -6.1354882682e-02 7.6846180036e-02 -2.0739687688e-02 -1.7009455224e-01 5.7325576092e-02 3.5443714302e-02 -7.4387842769e-02 -3.5370495731e-01 4.0355052544e-02 -2.2528552016e-01 5.4155495435e-03 1.9471508103e-01 -7.3133202001e-02 7.8686891231e-02 2.9673675607e-01 3.7157565738e-02 2.8264671452e-01 1.1603965327e-01 -1.7088579067e-01 2.9988752834e-02 -8.0188905147e-02 -2.2233731638e-01 
8.0958408449e-03 2.3621704691e-01 -1.5816850374e-01 -7.5132896291e-03 2.7144195857e-01 1.4388482967e-01 -6.1553353732e-02 1.7636647082e-01 -1.0528423350e-01 -2.4288446135e-01 -5.0282740574e-02 -2.7599095492e-01 5.2852280310e-02 2.7924715063e-01 -1.9637076425e-01 -7.9463049678e-02 1.2326573738e-01 7.7245585715e-02 -2.1069495014e-02 -2.6227744828e-01 -1.2267493000e-02 8.8168169311e-02 -3.3692445889e-01 -6.4065310894e-03 1.4430727095e-01 8.5989317974e-02 1.1472029856e-02 -1.0186099958e-02 -3.1739291105e-01 1.3830165816e-01 4.8352992954e-02 1.4715478610e-02 6.2053175904e-02 -3.0579339112e-01 1.2364627810e-02 2.3472156252e-01 
7.5669948539e-02 2.2253319034e-01 3.9019630877e-02 1.4211910537e-01 9.8181492277e-02 3.6589491372e-03 3.0146181385e-01 2.0662662319e-01 -2.5315188672e-03 -2.3465268513e-01 -1.4497219662e-01 6.6481835520e-02 -6.6304973891e-02 -7.3855351192e-04 -3.3137550236e-01 -7.9371641270e-03 4.7848067163e-02 -2.7737988822e-01 1.3374257805e-01 -6.1666814192e-02 2.8955335839e-01 -4.2717793110e-02 1.7761393523e-01 2.6736736790e-02 -4.3968931283e-02 2.8975580148e-01 -9.4242568259e-02 -1.0537116316e-01 -2.1959023782e-02 -1.7463476500e-01 -2.0727570163e-01 -2.6681800083e-01 8.8192580805e-02 2.2700595167e-01 -8.0188865574e-02 -2.2233732892e-01 
8.0959670756e-03 2.3621722903e-01 6.4830291158e-02 1.0468719266e-01 -2.7237133794e-01 2.5025919414e-02 3.1870076193e-01 5.2537230834e-02 1.7331632492e-01 9.2340006883e-03 5.2133684763e-02 -2.8489785766e-02 3.1585193892e-01 8.3208436141e-02 -1.6476687293e-02 -2.6825081272e-01 2.1105045859e-02 -2.0644054780e-01 1.0667735732e-01 -1.9989491976e-02 1.1676194796e-01 3.7353173124e-01 -8.4147630549e-02 -1.3158471894e-01 3.7930812082e-02 -1.6781767549e-01 -5.2280990047e-02 1.4728292753e-01 2.4712956625e-01 -1.3010542924e-01 2.2036918666e-01 2.4025856939e-01 -8.2360589315e-02 6.7225728156e-02 1.2364580142e-02 2.3472129053e-01 
7.5670001227e-02 2.2253358676e-01 -9.7873782741e-03 3.7076984846e-01 1.9028697055e-02 8.5763434213e-02 1.6198080939e-01 1.3443974545e-02 3.2326994878e-02 2.1741477251e-01 2.4856566980e-02 2.9219865952e-01 2.4368670052e-01 6.7041193324e-02 1.9624871077e-01 1.2854905230e-02 4.9804707156e-02 1.6703466675e-01 -1.1961667750e-01 -2.4614913976e-01 -2.0509925507e-01 -1.4064129931e-01 -1.3774358792e-01 -1.6854883756e-01 -1.5947270277e-01 -1.2630145223e-01 1.3525500423e-01 -3.1960285997e-01 -7.9198880694e-03 -1.5683873820e-01 -8.9311935575e-02 -4.9411669429e-02 1.9085253499e-01 -1.8023429294e-01 -8.0188882760e-02 -2.2233694479e-01 
8.0957871238e-03 2.3621690962e-01 1.2288001624e-01 -5.8913158313e-02 6.7222070069e-02 3.9006498208e-02 1.3105153557e-01 2.1267930995e-02 1.4452957386e-01 4.0162412852e-01 -2.1854628618e-01 -7.4828547352e-03 -8.6540693959e-02 8.2751690599e-02 -1.7683527956e-02 -7.3299716077e-03 -7.9796950600e-02 3.9575086105e-01 -1.4869743277e-01 3.9036097454e-02 -6.5308042566e-02 -3.0166639962e-02 -7.0143075936e-02 7.6252995518e-02 2.9241379803e-02 4.2253562510e-01 9.5763273472e-02 2.9982830253e-03 -6.5155901538e-02 -3.0733555892e-02 1.3430728237e-01 1.4092526375e-02 -1.3366101281e-01 4.1175810927e-01 1.2364673894e-02 2.3472171233e-01 
7.5670010401e-02 2.2253330154e-01 -1.0678860045e-01 -4.0133122364e-02 3.8971801078e-01 1.0290264215e-01 1.6564280673e-01 7.6277503205e-03 7.4876050286e-02 1.0691010604e-01 1.2011524159e-01 -3.5868103575e-01 -1.7738243953e-01 -6.6302371662e-02 1.3512637491e-01 -4.9171872828e-03 -9.7652499610e-02 1.1034617645e-01 -1.4126524586e-02 3.0781489673e-01 -8.4454313922e-02 1.8335803464e-01 -3.9870524822e-02 1.4181246663e-01 2.0344188348e-01 -1.6345310253e-01 -3.7927729077e-02 3.6852340688e-02 3.4730210755e-01 -1.9047002097e-01 -4.9982569196e-02 -1.9722161844e-01 2.3443371703e-02 -1.5096640531e-01 -8.0188927450e-02 -2.2233728135e-01 
8.0958737281e-03 2.3621713218e-01 -7.8543181549e-02 -2.8128378456e-01 5.2639566996e-02 4.6570673601e-02 2.9206351539e-01 2.2103063832e-01 -5.2642097681e-03 4.0254582100e-03 1.6641266938e-01 3.5971644543e-02 -2.2931128535e-01 -1.6596023013e-01 3.4160367025e-02 2.7558072480e-01 5.8691745371e-02 -1.8931088756e-01 4.2020389759e-02 -1.9045850733e-02 -5.1453985989e-02 -3.4336456014e-01 1.5429061566e-01 5.5332065000e-02 -6.7171635334e-02 -2.5471797565e-01 7.4100557588e-02 -2.2953198407e-01 -1.4427041177e-01 -9.8819019714e-02 2.3890687519e-01 2.2338483059e-01 -1.4886297864e-01 -4.6078496403e-02 1.2364596642e-02 2.3472147137e-01 
7.5669938863e-02 2.2253329869e-01 4.7756621425e-02 -1.9302748196e-01 -2.4457765224e-01 -2.2423880302e-01 1.0595702164e-01 1.7132052425e-01 5.7265717737e-02 -1.6283912444e-01 -1.9653547674e-02 -1.0320609743e-01 1.1939042138e-01 -3.6486410285e-02 4.0786973221e-01 8.5092522894e-02 8.1072577845e-03 -1.3655996704e-01 1.0180628749e-01 5.9249270100e-02 -3.9820332270e-01 -6.8548172697e-03 -1.8430130742e-01 -1.5622825342e-02 9.1945554017e-02 1.0176377431e-01 -6.2121745791e-02 2.4091704509e-01 -2.8881734675e-01 1.1968177470e-01 -1.9333394334e-01 -6.6627803101e-02 -1.9966594340e-02 1.5024599539e-01 -8.0188840255e-02 -2.2233718786e-01 
8.0960265890e-03 2.3621733327e-01 3.5289056585e-02 6.6426076167e-02 -3.3866506305e-01 -1.8289136623e-01 -6.9499070701e-02 -1.9763412397e-01 -3.9245884303e-02 -1.5874111954e-01 -1.2486362274e-02 -3.0317840488e-01 -1.0505531314e-01 -1.4059401507e-01 5.2508711006e-02 1.5495018022e-01 2.0587306459e-01 1.8298131515e-01 -1.1088494178e-01 -3.5228523691e-01 -1.6319138270e-03 -1.9216384577e-01 1.4141563015e-01 3.5112132890e-02 1.0076175327e-01 1.1925465480e-01 -1.0723558870e-01 7.1880464818e-03 3.8254770547e-01 -1.0756738719e-01 -1.8265950949e-01 -2.8807498258e-02 7.1607252112e-02 -1.0596319994e-01 1.2364560602e-02 2.3472114186e-01 
7.5669952423e-02 2.2253341232e-01 -1.0504424392e-03 3.5621780407e-02 -3.2373126907e-01 -1.4213535594e-01 -3.3524077769e-02 -2.1862381954e-02 9.2123709277e-02 2.8922786883e-01 2.5104480898e-02 -2.6919242524e-01 1.0817159316e-01 2.1053440730e-02 -3.3409762919e-01 -1.3163714434e-02 -1.2649983853e-01 7.6811066867e-02 -5.8606885503e-02 2.8401078496e-01 2.3936102917e-01 -1.6349185402e-01 1.8478646694e-01 -6.7850368779e-02 1.1691152979e-01 -7.0502307183e-02 1.6737565630e-01 2.6684006857e-02 -2.7477752303e-01 1.3747709834e-01 -7.5370886355e-02 1.5077859654e-01 8.2693012875e-02 -2.5699452254e-01 -8.0188846711e-02 -2.2233709275e-01 
8.0958406038e-03 2.3621703912e-01 9.3338030161e-02 -9.7173904752e-02 9.2953011245e-04 -1.6891118996e-01 -2.5714690256e-01 -2.2890326108e-01 -6.8031981221e-02 2.3365009719e-01 1.2861618595e-01 6.3159455436e-02 -7.1403763745e-02 2.5388088421e-01 -2.1471862352e-01 4.1167619094e-02 -2.3915173611e-02 -2.9504657355e-01 1.3183578685e-01 7.0960796504e-02 -6.2089864349e-02 -6.3032772449e-02 -3.2404966944e-01 1.3813244415e-02 -2.3626511298e-02 -2.8798299775e-01 4.0808695422e-02 -1.3709666827e-01 7.0263395127e-02 -8.1963353278e-03 -2.6872291959e-01 -2.5497478121e-01 2.0307667513e-02 2.3856755010e-01 1.2364628632e-02 2.3472155296e-01 
7.5669984234e-02 2.2253352938e-01 -9.8051491330e-02 -3.7528153578e-01 4.6958692408e-02 -1.2499573450e-01 -2.9861800422e-02 -2.7677986804e-02 1.3467305482e-01 1.7872447425e-01 -5.4511013869e-03 3.7239867887e-01 -2.2756163993e-01 1.5432804030e-02 -7.3771769245e-02 -7.1929127413e-02 1.1839238257e-01 5.9749071100e-02 -4.3199381833e-02 -3.4325929342e-01 1.5884214696e-01 1.7034684818e-01 -4.8497628573e-04 8.3473133561e-02 -2.0885712837e-01 -3.1261191165e-02 -5.8064597308e-03 3.8313916662e-01 8.0443110054e-02 1.0384622276e-01 -3.6040962418e-02 2.9690100329e-03 -8.4716647529e-02 -2.2772565126e-01 -8.0188892213e-02 -2.2233702139e-01 
8.0958914407e-03 2.3621705157e-01 -1.0808471482e-01 -3.1954395694e-01 -1.3653243757e-02 -1.6134661062e-01 -9.6135369694e-02 -2.9140698779e-02 -2.1782600572e-01 -1.6394899753e-01 -1.1612989999e-01 2.4001905742e-01 1.7646007603e-01 -1.1328683653e-01 1.6221075696e-01 -1.9611755393e-01 -1.8195780085e-01 1.1206562747e-01 -2.0951098330e-02 2.8132393625e-01 6.3721040568e-02 2.5519583317e-01 1.8263379363e-01 -4.8926004606e-02 -7.7135459039e-02 1.6872848448e-01 1.9146070581e-02 -3.6962730394e-01 -8.8513120092e-03 -7.6281748491e-02 -1.6412275138e-01 -4.5682132235e-02 5.1056885681e-03 -2.1926821129e-01 1.2364651844e-02 2.3472148478e-01 
2.3621734009e-01 -8.0959886926e-03 4.1381878047e-01 -8.8652078291e-02 -1.7623806243e-02 1.4112350085e-01 -4.1142691388e-02 6.2973720186e-02 -8.6946225692e-02 -1.0899201079e-01 3.9759929823e-01 5.4558446215e-02 1.6636791144e-03 -1.9419792638e-02 -8.6122830334e-02 -9.5558545296e-02 -7.6950895029e-03 2.1785296656e-01 4.2419106966e-01 -3.5379677150e-02 -8.4911571114e-02 -3.8436262637e-02 4.9466785832e-02 -4.8860535726e-02 3.7161727800e-02 1.5113809546e-01 4.0617833980e-01 1.2656575691e-01 3.1020754992e-02 -1.5226788043e-01 -1.7736565558e-02 -6.5576431336e-02 -1.7974458791e-02 -9.9649101634e-02 2.3472118573e-01 -1.2364541443e-02 
2.2253323006e-01 -7.5669930671e-02 1.9052314930e-01 -1.0352394067e-01 2.4844850375e-02 -2.7374009335e-02 1.1622833071e-01 3.0720054721e-02 -3.6307492593e-01 1.5923785188e-01 4.6188628214e-02 -1.1607687562e-01 8.1319808147e-02 -6.0613520838e-02 -1.4946056093e-02 -2.0437346471e-01 3.8816480745e-01 1.9423672821e-02 -3.0190295952e-02 2.0639396244e-01 -2.0250597608e-02 -9.7976219030e-02 -7.5829029381e-02 1.9610908597e-01 -3.5542828748e-01 3.8104356909e-02 -2.1473672592e-01 8.1959098607e-02 1.1410417759e-02 3.7137786961e-02 1.1783299071e-01 5.6762107839e-02 3.9112991812e-01 9.2125195912e-04 -2.2233726888e-01 8.0188853939e-02 
2.3621707083e-01 -8.0958991473e-03 -1.4683366643e-02 -1.0115717892e-02 -1.9628206058e-01 3.1393193678e-01 -4.7097206503e-02 1.6281314880e-02 -2.6669509404e-01 1.1585138586e-01 -2.0345170445e-01 -6.0055697445e-02 -2.7375675221e-01 2.1245750577e-02 1.5330429994e-01 -2.2753913029e-01 5.2467293974e-02 -1.6457955019e-01 -2.6265183537e-01 6.4167437845e-02 8.6370518639e-02 -1.0488217301e-01 -6.7466468728e-02 -3.4805302968e-01 1.1382655963e-03 -4.0965035202e-02 -6.8905413344e-02 1.5192318830e-01 -1.2672917161e-01 -2.9896159597e-01 -7.0473644381e-02 -1.3544999933e-01 -2.3960940541e-01 -7.7605452382e-02 2.3472145753e-01 -1.2364638099e-02 
2.2253317895e-01 -7.5669973995e-02 -1.6179019751e-01 -9.1901708556e-02 -1.4283411001e-01 1.1004624266e-01 2.5069424313e-01 -2.3863473191e-01 -1.7992392367e-01 -2.6733910871e-02 -1.3125066492e-01 -1.4172106814e-02 -1.0321105506e-01 4.0027426412e-01 4.0195204197e-02 1.1365266665e-01 -1.2591052523e-01 1.5816194235e-02 1.0641718034e-01 -9.5868154047e-02 -1.6157783468e-01 1.1708213221e-01 3.6674452291e-01 -1.3154786488e-01 6.8658089099e-02 -9.3044580463e-02 1.6745893340e-01 3.5544526573e-02 1.2589045397e-02 2.0494948907e-01 2.1001921190e-01 -2.6965952246e-01 1.8386049693e-01 4.8286903673e-02 -2.2233737505e-01 8.0188886603e-02 
2.3621726485e-01 -8.0959326283e-03 3.3120009791e-02 -1.7382940806e-01 -1.0233260950e-02 3.1175387174e-01 4.1180987839e-03 -2.7381161745e-01 1.1180140349e-01 -9.1274327838e-02 -1.9414657432e-01 5.4974073835e-03 2.7209305954e-01 -1.8252430331e-03 -6.7181385912e-02 3.2309670138e-01 -4.4772826213e-02 -5.3274134017e-02 -1.6153996348e-01 -2.8788167469e-02 -1.4593215855e-03 1.4331818062e-01 1.8000196309e-02 3.9691390013e-01 -3.8299355044e-02 -1.1017275386e-01 5.3485198705e-02 9.3047065433e-02 -1.5911494892e-01 -2.8635015159e-01 -1.7641578455e-01 1.7536529374e-01 1.9081795813e-01 5.3814878229e-02 2.3472133684e-01 -1.2364554316e-02 
2.2253346980e-01 -7.5670003309e-02 3.0446505335e-01 -4.4549235196e-02 1.6019364716e-02 -4.0255355209e-02 1.7326904027e-01 -3.0139042524e-01 4.9108972011e-02 -1.3599730665e-02 8.5061920975e-02 1.3024884159e-01 2.1891630851e-02 -3.3966006174e-01 -2.5248317920e-02 9.0721265902e-02 -2.6225409571e-01 -3.5239963775e-02 -7.6227065867e-02 -1.1052573731e-01 1.8182975695e-01 -1.9106063915e-02 -2.9091566510e-01 -6.4560390553e-02 2.8676972635e-01 5.4940191611e-02 -2.5449172222e-01 -6.4030466461e-02 -1.6509593974e-01 4.2584079781e-02 2.1908733301e-01 -2.2070269527e-01 -1.5649653627e-02 -1.7186924919e-01 -2.2233708152e-01 8.0188898116e-02 
2.3621727282e-01 -8.0959633762e-03 2.3058897937e-01 1.1671210275e-01 1.9322167445e-01 -2.7228518404e-01 1.6315977393e-01 2.4732340586e-02 -1.1748762175e-01 -7.1596037733e-02 -2.9732741280e-01 3.5320692527e-02 -2.8267869972e-02 -2.1096994735e-01 -2.5884892688e-01 -4.4505514968e-02 8.2801969818e-02 -1.2128843156e-01 -2.8006453130e-01 2.0158075288e-02 -3.1889550830e-01 1.0676017381e-01 4.0921645296e-02 -4.5614393811e-02 7.5765851701e-02 -1.3230697390e-01 2.4788580758e-01 -2.5123853397e-02 1.5826441105e-01 3.2068359921e-01 -4.7830748743e-02 8.8874015936e-02 -1.3520156809e-01 -3.9817171788e-02 2.3472127446e-01 -1.2364574295e-02 
2.2253319156e-01 -7.5669933195e-02 -6.1269886107e-02 9.3670952895e-02 1.4818059874e-01 -2.7697875552e-01 -1.6672952818e-01 2.0510141838e-01 -1.8350665833e-01 7.2610527471e-02 -1.6150835787e-01 2.5083174940e-02 -6.8932413133e-02 -6.4322161467e-02 -2.9680653102e-02 4.0657667810e-01 -4.4141974322e-02 1.2328283298e-01 1.8792073919e-01 2.9894786163e-03 9.2256590466e-02 1.9940989951e-01 -7.7450547616e-02 -3.5965421645e-01 5.4437958224e-02 -5.9973365146e-02 1.8913481464e-02 1.5737628399e-01 -8.4087172279e-03 -3.1548003008e-01 -3.7343797881e-02 2.7710438330e-01 1.2189938023e-01 8.1638209162e-02 -2.2233730566e-01 8.0188862156e-02 
2.3621692958e-01 -8.0958051554e-03 -1.9791255156e-01 1.9524854772e-01 1.4563302662e-02 -9.9476021413e-02 1.5720505126e-01 -2.1959930827e-02 -2.9723544765e-01 1.5324737263e-01 1.2879501427e-01 1.8632167013e-01 1.7500077963e-01 1.8200454678e-01 1.2430635906e-01 1.7914965656e-01 2.1610331986e-01 1.2730540861e-01 1.7028378542e-01 8.2055420529e-02 2.0955386866e-01 -3.1246863702e-02 2.5068046646e-02 2.5599274745e-01 2.6772123081e-01 2.1939252748e-02 -2.2719869176e-01 2.3296716667e-04 5.1454553689e-04 1.7399045299e-01 -1.0056848086e-01 1.9000410738e-02 -3.5683756987e-01 -1.7773891224e-02 2.3472165510e-01 -1.2364672072e-02 
2.2253362579e-01 -7.5670015284e-02 -4.1358490628e-01 1.0529400891e-01 -1.9498166698e-02 -1.3955899943e-01 -3.2263412263e-02 -6.4253693848e-02 -3.5618202379e-04 -1.1336089847e-01 4.1562676130e-01 3.9944476881e-02 6.6750578308e-02 -7.5024699468e-02 -4.0660026435e-02 -5.4445798337e-02 5.5753701255e-02 -1.6365913492e-01 -3.9068168858e-01 5.3413370242e-02 3.8528438122e-03 1.2710240827e-03 -8.6853202770e-02 9.1239369800e-02 -1.1700721390e-03 2.3267413013e-01 4.0110780242e-01 1.1096153051e-01 -7.2303088828e-03 -1.4766789479e-01 5.4842060043e-02 -4.9316807422e-02 -8.5371058876e-02 1.2900433003e-01 -2.2233693434e-01 8.0188897892e-02 
2.3621725225e-01 -8.0958947609e-03 -1.5011014284e-01 3.1534965151e-02 2.0061256054e-01 -1.0165528281e-01 2.0842080863e-01 -3.1205330576e-01 8.1260015456e-02 -5.3878358832e-02 1.6853118822e-01 -2.2164267651e-01 -1.4673310476e-01 2.8965612470e-02 1.3454238897e-01 -1.3464300596e-01 -2.9890431837e-01 -6.0162051267e-03 1.0978164813e-01 -1.0221310059e-01 1.0934145071e-01 -7.5512703901e-02 -6.5989412907e-02 -2.1037917860e-01 -3.4348755475e-01 1.1036728535e-01 -1.0480733107e-01 -5.8642513163e-02 -3.1871469723e-02 1.8660142250e-01 -2.0650975127e-01 3.2981593182e-01 7.3590753407e-02 1.1364696329e-01 2.3472139996e-01 -1.2364551588e-02 
2.2253337136e-01 -7.5669996274e-02 5.2671831135e-02 1.5264620594e-01 1.3935526182e-01 -2.8986058861e-01 -1.0968913121e-01 -1.2700847852e-01 2.2867686748e-01 -1.0022702432e-01 -2.5411843202e-01 -6.5027004844e-02 2.1821260444e-03 1.3934681535e-01 7.0340406549e-02 -3.5213041840e-01 -1.1611001408e-02 4.0376705512e-02 2.0276151384e-01 -5.6402583902e-02 -9.6109570924e-02 -2.0068088350e-01 1.6430385729e-01 2.6841494353e-01 -5.3266875111e-02 -1.7270079658e-01 -2.0841435936e-02 1.1386621585e-02 -1.8491475480e-01 -3.1003358592e-01 6.3910765406e-02 -3.6061080046e-04 -2.8488092662e-01 -9.1152302860e-02 -2.2233717518e-01 8.0188901436e-02 
2.3621714466e-01 -8.0959340090e-03 1.6479299329e-01 -2.1418999992e-02 -4.3300645385e-03 -2.1227706428e-01 -1.6132380810e-01 2.9577214779e-01 1.8543507551e-01 -6.1973049605e-02 -1.0027121774e-01 -8.9878960134e-02 2.6604403325e-02 2.3038914343e-01 3.4497181439e-01 1.4006365896e-01 -7.5107267153e-02 -9.6564879646e-02 -1.4412704623e-01 1.5221408136e-02 4.0380748900e-01 -6.8324292962e-02 -9.0388995899e-02 9.4475383153e-02 -1.1292716043e-01 -1.8830905554e-02 1.7371317056e-01 -9.3280407119e-02 1.5860047378e-01 1.1235986463e-01 2.7698321778e-01 -1.9436548768e-01 1.6601843518e-01 -3.6041219849e-02 2.3472135936e-01 -1.2364623797e-02 
2.2253305671e-01 -7.5669905902e-02 1.0911829004e-01 -6.0744252328e-02 3.4791803555e-03 1.7981344481e-01 -1.4100492776e-01 3.6564305201e-01 -4.8752845425e-02 1.2696087421e-01 1.1531991793e-01 9.0993258479e-02 -1.2386924664e-02 1.2493582335e-01 4.4626945907e-02 -2.0220263480e-01 -3.4402372300e-01 -1.4270653679e-01 -1.5773033800e-01 -2.0938380294e-01 -7.2005663505e-02 -1.0143353218e-01 1.5327949764e-01 1.6354600450e-01 3.0098969220e-01 2.1869082293e-02 -1.4661756369e-01 -4.6931446597e-02 1.7232581658e-01 1.0508480912e-01 -2.7392975262e-01 2.7002040216e-01 1.0102046607e-01 4.2865464381e-02 -2.2233741402e-01 8.0188835584e-02 
2.3621705550e-01 -8.0958934299e-03 -2.6370884554e-01 5.7117097394e-02 -1.8298860974e-01 -3.9468516804e-02 -1.6727772515e-01 2.4907907878e-01 5.6860066183e-03 1.6287031531e-01 7.4656322709e-02 -1.2626595270e-01 9.8755576641e-02 -2.0324938794e-01 -2.7761060389e-01 4.8389851530e-02 -2.6857128617e-01 3.7274135090e-02 9.2368251886e-02 -1.4622313202e-01 -2.9592485533e-01 1.3612948642e-01 4.2399274392e-02 9.2059671376e-02 -2.6885925714e-01 1.9025627096e-02 -3.0137076089e-01 -6.7923133935e-02 8.5048815642e-04 -3.4333455425e-02 2.2424677397e-01 -2.6423969366e-01 -5.5616187085e-02 -1.3997825092e-02 2.3472147311e-01 -1.2364652721e-02 
2.2253345861e-01 -7.5670000657e-02 -2.4319507383e-01 -4.9122015405e-02 -1.6420047557e-01 3.1723506233e-01 -6.5395461198e-03 9.6289023455e-02 1.3439759414e-01 -5.9010507696e-02 -2.8437612338e-01 -2.5771845091e-02 3.6460501146e-02 -3.2524931580e-01 4.6495204662e-04 -5.9206865628e-02 7.0157559061e-02 1.4784311751e-01 2.8426476469e-01 4.2455067215e-02 1.5772540918e-01 -1.1835333523e-01 -2.7989121789e-01 4.0308598792e-02 -6.7487165629e-02 -1.3962961176e-01 2.3557785772e-01 -9.3345635647e-02 1.7350429259e-01 2.7289534432e-01 -1.8174386993e-01 -5.6401895255e-02 -1.0624971296e-01 9.0230869123e-02 -2.2233707678e-01 8.0188893825e-02 
2.3621697270e-01 -8.0958357687e-03 -2.1590537125e-01 -1.0659681298e-01 3.0604270558e-03 -4.1647095687e-02 -1.1606240047e-01 -4.1013039906e-02 3.8418117580e-01 -4.4254744583e-02 2.5614611609e-02 2.1614504884e-01 -1.2536000488e-01 -2.7139914084e-02 -6.7361052098e-02 -1.8845365052e-01 3.4367782580e-01 5.9290727266e-02 5.1758976953e-02 1.3100142977e-01 -1.0788237700e-01 -6.7805501150e-02 4.7989533523e-02 -1.8653464580e-01 3.8178648614e-01 -1.9492461303e-04 -1.7898068723e-01 -1.2679899317e-01 -3.1534949584e-02 -2.1722148106e-02 1.1830497572e-01 4.6576283825e-02 3.7481269859e-01 1.1742292281e-01 2.3472162661e-01 -1.2364656077e-02 
2.2253340772e-01 -7.5669955010e-02 2.2306085860e-01 -1.7698278292e-03 -5.3468346904e-03 1.6693281351e-01 -8.3965259137e-02 3.3534085002e-02 3.6343103040e-01 -4.5876756985e-02 1.6905632050e-01 -6.5221632551e-02 -2.4074302459e-02 2.0031309818e-01 -4.5092271575e-02 2.6140856512e-01 2.7386577217e-01 -5.1368780009e-03 -1.2653478998e-01 1.6692863732e-01 -8.5720686491e-02 2.1978686046e-01 1.2661185887e-01 -2.0385555232e-01 -2.3350250948e-01 1.1776061282e-01 -1.8637178455e-01 -1.9292073831e-01 -4.1800632557e-03 1.1053015591e-01 -1.7267484979e-01 -7.4454210275e-03 -3.0575899068e-01 -1.2992526006e-01 -2.2233710342e-01 8.0188849948e-02 
