5.3782797830e-01 4.3865607314e-01 -9.8175565578e-03 -1.7511340701e-01 5.2705613277e-03 1.0658280025e-01 -3.2009413498e-03 -7.4038674554e-02 2.0904107517e-03 5.4994082639e-02 -1.4157799474e-03 -4.2547506147e-02 9.7609490045e-04 3.3829962640e-02 -6.7559500043e-04 -2.7428452575e-02 4.6326891793e-04 2.2564152144e-02 -3.0959233649e-04 -1.8771693484e-02 1.9638952902e-04 1.5755470665e-02 -1.1192151144e-04 -1.3318467104e-02 4.8311421073e-05 1.1324178136e-02 -1.0685949814e-07 -9.6749491985e-03 -3.6565321635e-05 8.2990158515e-03 6.4517732169e-05 -7.1424139929e-03 -8.5832834239e-05 6.1637410225e-03 1.0208097068e-04 -5.3306484058e-03 -1.1447049590e-04 4.6174150639e-03 1.2395894535e-04 -4.0032030425e-03 -1.3134961260e-04 3.4707297062e-03 1.3740934913e-04 -3.0051408637e-03 -1.4312530489e-04 2.5928525789e-03 1.5054758517e-04 -2.2202626368e-03 -1.7362961108e-04 2.0198562769e-03 
4.3865607314e-01 4.7777618594e-01 2.3226384842e-01 1.2443195141e-02 -4.7405260508e-02 -8.2715159780e-03 1.9844631532e-02 5.9567649169e-03 -1.0488855714e-02 -4.5196452244e-03 6.2629907340e-03 3.5457322544e-03 -4.0327336666e-03 -2.8471713902e-03 2.7333840427e-03 2.3254240297e-03 -1.9224245284e-03 -1.9238887235e-03 1.3898989447e-03 1.6077114638e-03 -1.0262661518e-03 -1.3542396387e-03 7.7012576160e-04 1.1480993267e-03 -5.8507061484e-04 -9.7847988597e-04 4.4851178418e-04 8.3755136360e-04 -3.4590006744e-04 -7.1949881759e-04 2.6756578242e-04 6.1990953130e-04 -2.0690790337e-04 -5.3537056567e-04 1.5931448231e-04 4.6319598407e-04 -1.2149658881e-04 -4.0123602309e-04 9.1064524711e-05 3.4773845296e-04 -6.6249796196e-05 -3.0124188695e-04 4.5714954067e-05 2.6048425260e-04 -2.8407938213e-05 -2.2430880605e-04 1.3401339909e-05 1.9156237215e-04 1.1148674737e-06 -1.7362961108e-04 
-9.8175565578e-03 2.3226384842e-01 5.0713626119e-01 3.9057073030e-01 -4.5729392773e-03 -1.5151294367e-01 2.9050388311e-03 9.3737880325e-02 -1.9251492353e-03 -6.6203853157e-02 1.3128921164e-03 4.9840630977e-02 -9.0545178744e-04 -3.8971636959e-02 6.2299732993e-04 3.1248283994e-02 -4.2140375265e-04 -2.5506589656e-02 2.7446395457e-04 2.1098249343e-02 -1.6571054118e-04 -1.7631250280e-02 8.4332199064e-05 1.4853562772e-02 -2.2976879433e-05 -1.2595248472e-02 -2.3501249383e-05 1.0737267209e-02 5.8791800976e-05 -9.1935833489e-03 -8.5595548126e-05 7.9003632875e-03 1.0592614060e-04 -6.8091671627e-03 -1.2131173107e-04 5.8824925086e-03 1.3293574316e-04 -5.0907506285e-03 -1.4174318672e-04 4.4101315317e-03 1.4853616973e-04 -3.8210079178e-03 -1.5409609138e-04 3.3066090740e-03 1.5946073356e-04 -2.8516908607e-03 -1.6684676072e-04 2.4410820931e-03 1.9156237215e-04 -2.2202626368e-03 
-1.7511340701e-01 1.2443195141e-02 3.9057073030e-01 4.9034146870e-01 2.4957914600e-01 6.9385086996e-03 -5.6391532315e-02 -5.0509953366e-03 2.5063201261e-02 3.8554073145e-03 -1.3802433189e-02 -3.0426249165e-03 8.4915960981e-03 2.4555615269e-03 -5.5941308314e-03 -2.0140797907e-03 3.8610642244e-03 1.6721784284e-03 -2.7560722269e-03 -1.4014553119e-03 2.0175052496e-03 1.1833580309e-03 -1.5055566105e-03 -1.0052217345e-03 1.1402312511e-03 8.5808696095e-04 -8.7323978634e-04 -7.3542606857e-04 6.7414770430e-04 6.3236369518e-04 -5.2307974825e-04 -5.4518009140e-04 4.0666311563e-04 4.7098346283e-04 -3.1566759121e-04 -4.0748683317e-04 2.4357923868e-04 3.5285117736e-04 -1.8570912578e-04 -3.0557087286e-04 1.3861902416e-04 2.6438507857e-04 -9.9738572498e-05 -2.2820142678e-04 6.7092107633e-05 1.9601867924e-04 -3.9056272079e-05 -1.6684676072e-04 1.3401339910e-05 1.5054758517e-04 
5.2705613277e-03 -4.7405260508e-02 -4.5729392773e-03 2.4957914600e-01 5.0457534941e-01 3.7981874309e-01 -3.1971669888e-03 -1.4646601741e-01 2.0816220064e-03 9.1224261286e-02 -1.3940626871e-03 -6.4907936984e-02 9.4775431606e-04 4.9184636338e-02 -6.4194579100e-04 -3.8669361078e-02 4.2521415299e-04 3.1146727597e-02 -2.6799294820e-04 -2.5519550304e-02 1.5207465735e-04 2.1175356381e-02 -6.5645762957e-05 -1.7742335421e-02 7.2958461443e-07 1.4980280637e-02 4.8233173633e-05 -1.2726364182e-02 -8.5218709053e-05 1.0865900112e-02 1.1313374223e-04 -9.3155385825e-03 -1.3414442743e-04 8.0130868783e-03 1.4989508072e-04 -6.9110633353e-03 -1.6166066848e-04 5.9724460883e-03 1.7046246738e-04 -5.1677476750e-03 -1.7717349600e-04 4.4728844545e-03 1.8265678116e-04 -3.8674593117e-03 -1.8808568436e-04 3.3330999020e-03 1.9601867924e-04 -2.8516908607e-03 -2.2430880605e-04 2.5928525788e-03 
1.0658280025e-01 -8.2715159780e-03 -1.5151294367e-01 6.9385086996e-03 3.7981874309e-01 4.9351218823e-01 2.5743909477e-01 5.0152274477e-03 -6.0906941098e-02 -3.7830044983e-03 2.7901866337e-02 2.9628000943e-03 -1.5714222538e-02 -2.3838930377e-03 9.8367956886e-03 1.9529629979e-03 -6.5703092322e-03 -1.6208961486e-03 4.5857940097e-03 1.3585522474e-03 -3.3034926472e-03 -1.1473720474e-03 2.4364404053e-03 9.7488099139e-04 -1.8292674912e-03 -8.3233939156e-04 1.3920006665e-03 7.1341784010e-04 -1.0697308432e-03 -6.1340594271e-04 8.2750495512e-04 5.2871679892e-04 -6.4228754920e-04 -4.5656413452e-04 4.9844829685e-04 3.9474441899e-04 -3.8511333726e-04 -3.4148474347e-04 2.9455046891e-04 2.9533235870e-04 -2.2115097759e-04 -2.5506969955e-04 1.6076574395e-04 2.1964191465e-04 -1.1024874136e-04 -1.8808568436e-04 6.7092107634e-05 1.5946073356e-04 -2.8407938212e-05 -1.4312530489e-04 
-3.2009413498e-03 1.9844631532e-02 2.9050388311e-03 -5.6391532315e-02 -3.1971669888e-03 2.5743909477e-01 5.0333910913e-01 3.7443727568e-01 -2.4037973024e-03 -1.4373276018e-01 1.5607580541e-03 8.9775229463e-02 -1.0314150529e-03 -6.4118300733e-02 6.8219730805e-04 4.8760260615e-02 -4.3991017623e-04 -3.8456087537e-02 2.6664176002e-04 3.1058193520e-02 -1.4022255371e-04 -2.5505100432e-02 4.6760546846e-05 2.1204301308e-02 2.2909569429e-05 -1.7795647422e-02 -7.5073791600e-05 1.5045964545e-02 1.1417711298e-04 -1.2796759764e-02 -1.4344226809e-04 1.0936048326e-02 1.6525656397e-04 -9.3821535048e-03 -1.8142457061e-04 8.0738769670e-03 1.9334202323e-04 -6.9642475320e-03 -2.0212672318e-04 6.0163576413e-03 2.0873787364e-04 -5.2004275479e-03 -2.1413393053e-04 4.4915256483e-03 2.1964191466e-04 -3.8674593117e-03 -2.2820142678e-04 3.3066090740e-03 2.6048425260e-04 -3.0051408637e-03 
-7.4038674554e-02 5.9567649169e-03 9.3737880325e-02 -5.0509953366e-03 -1.4646601741e-01 5.0152274477e-03 3.7443727568e-01 4.9505935665e-01 2.6172465304e-01 3.9442770555e-03 -6.3522132977e-02 -3.0258175414e-03 2.9622418456e-02 2.4022570952e-03 -1.6914297221e-02 -1.9539757741e-03 1.0704608993e-02 1.6148104077e-03 -7.2136254811e-03 -1.3497554834e-03 5.0712447862e-03 1.1378115529e-03 -3.6745216548e-03 -9.6542266660e-04 2.7224972519e-03 8.2334536425e-04 -2.0509209274e-03 -7.0500973113e-04 1.5639588864e-03 6.0559045758e-04 -1.2027105136e-03 -5.2144741236e-04 9.2943156099e-04 4.4977176990e-04 -7.1908994240e-04 -3.8835263619e-04 5.5459775412e-04 3.3541710661e-04 -4.2399636373e-04 -2.8951597694e-04 3.1872957540e-04 2.4943723852e-04 -2.3254566630e-04 -2.1413393053e-04 1.6076574396e-04 1.8265678116e-04 -9.9738572495e-05 -1.5409609138e-04 4.5714954067e-05 1.3740934913e-04 
2.0904107517e-03 -1.0488855714e-02 -1.9251492353e-03 2.5063201261e-02 2.0816220064e-03 -6.0906941098e-02 -2.4037973024e-03 2.6172465304e-01 5.0256171052e-01 3.7131630710e-01 -1.8538960541e-03 -1.4207193785e-01 1.1794460626e-03 8.8860304156e-02 -7.5300839517e-04 -6.3601783496e-02 4.6981322466e-04 4.8471706990e-02 -2.7247199520e-04 -3.8302989932e-02 1.3106153920e-04 3.0987155768e-02 -2.7934860126e-05 -2.5483965330e-02 -4.8073964065e-05 2.1213099202e-02 1.0440554770e-04 -1.7821681144e-02 -1.4621385447e-04 1.5080994408e-02 1.7717940738e-04 -1.2835317454e-02 -1.9999792634e-04 1.0974381836e-02 2.1668998015e-04 -9.4175302591e-03 -2.2880907827e-04 8.1040824441e-03 2.3759539830e-04 -6.9871661803e-03 -2.4411409418e-04 6.0295298387e-03 2.4943723852e-04 -5.2004275479e-03 -2.5506969955e-04 4.4728844545e-03 2.6438507857e-04 -3.8210079178e-03 -3.0124188695e-04 3.4707297062e-03 
5.4994082639e-02 -4.5196452244e-03 -6.6203853157e-02 3.8554073145e-03 9.1224261286e-02 -3.7830044983e-03 -1.4373276018e-01 3.9442770555e-03 3.7131630710e-01 4.9602835621e-01 2.6432846694e-01 3.2219878071e-03 -6.5167445155e-02 -2.4946823071e-03 3.0734823361e-02 1.9963737937e-03 -1.7706817073e-02 -1.6344426812e-03 1.1287040634e-02 1.3579313010e-03 -7.6504459815e-03 -1.1399218477e-03 5.4032849081e-03 9.6421767327e-04 -3.9289846714e-03 -8.2030022213e-04 2.9181777608e-03 7.0094182751e-04 -2.2011613531e-03 -6.0096084479e-04 1.6784289789e-03 5.1651652152e-04 -1.2885288167e-03 -4.4468348247e-04 9.9189797732e-04 3.8318130064e-04 -7.6217788850e-04 -3.3019466076e-04 5.8129174175e-04 2.8424817820e-04 -4.3652601886e-04 -2.4411409419e-04 3.1872957540e-04 2.0873787364e-04 -2.2115097759e-04 -1.7717349600e-04 1.3861902416e-04 1.4853616973e-04 -6.6249796197e-05 -1.3134961260e-04 
-1.4157799474e-03 6.2629907340e-03 1.3128921164e-03 -1.3802433189e-02 -1.3940626871e-03 2.7901866337e-02 1.5607580541e-03 -6.3522132977e-02 -1.8538960541e-03 2.6432846694e-01 5.0199248750e-01 3.6935036434e-01 -1.4260933761e-03 -1.4099604445e-01 8.7205424781e-04 8.8253663336e-02 -5.2114463673e-04 -6.3252006970e-02 2.8773116149e-04 4.8271887345e-02 -1.2514530402e-04 -3.8193762517e-02 8.9443262491e-06 3.0933557005e-02 7.5366764250e-05 -2.5464543074e-02 -1.3702118310e-04 2.1214277896e-02 1.8221613145e-04 -1.7834636785e-02 -2.1527701432e-04 1.5099824017e-02 2.3931849044e-04 -1.2855910705e-02 -2.5664555581e-04 1.0993681756e-02 2.6901388922e-04 -9.4330009337e-03 -2.7781662256e-04 8.1132585481e-03 2.8424817820e-04 -6.9871661803e-03 -2.8951597695e-04 6.0163576413e-03 2.9533235870e-04 -5.1677476750e-03 -3.0557087285e-04 4.4101315317e-03 3.4773845296e-04 -4.0032030425e-03 
-4.2547506147e-02 3.5457322544e-03 4.9840630977e-02 -3.0426249165e-03 -6.4907936984e-02 2.9628000943e-03 8.9775229463e-02 -3.0258175414e-03 -1.4207193785e-01 3.2219878071e-03 3.6935036434e-01 4.9672846209e-01 2.6601391497e-01 2.6761645320e-03 -6.6254855678e-02 -2.0837043474e-03 3.1481882745e-02 1.6757564747e-03 -1.8245231467e-02 -1.3774830628e-03 1.1685595558e-02 1.1481145208e-03 -7.9501528881e-03 -9.6616444553e-04 5.6305066963e-03 8.1869638263e-04 -4.1015275721e-03 -6.9728245124e-04 3.0484890679e-03 5.9610353873e-04 -2.2981592106e-03 -5.1096260523e-04 1.7486159174e-03 4.3872685851e-04 -1.3367011600e-03 -3.7699098067e-04 1.0216135349e-03 3.2386231531e-04 -7.7607176050e-04 -2.7781662256e-04 5.8129174175e-04 2.3759539830e-04 -4.2399636373e-04 -2.0212672318e-04 2.9455046891e-04 1.7046246738e-04 -1.8570912578e-04 -1.4174318673e-04 9.1064524706e-05 1.2395894535e-04 
9.7609490045e-04 -4.0327336666e-03 -9.0545178744e-04 8.4915960981e-03 9.4775431606e-04 -1.5714222538e-02 -1.0314150529e-03 2.9622418456e-02 1.1794460626e-03 -6.5167445155e-02 -1.4260933761e-03 2.6601391497e-01 5.0153326931e-01 3.6805005565e-01 -1.0666570275e-03 -1.4027269065e-01 6.0712817086e-04 8.7840592433e-02 -3.1643266757e-04 -6.3011397403e-02 1.2338921582e-04 4.8133149287e-02 1.0542130348e-05 -3.8117069150e-02 -1.0563922381e-04 3.0895102986e-02 1.7398667412e-04 -2.5449501425e-02 -2.2332794728e-04 2.1213095089e-02 2.5889435921e-04 -1.7840938895e-02 -2.8436455352e-04 1.5109158058e-02 3.0241341076e-04 -1.2864933590e-02 -3.1505207710e-04 1.0999580701e-02 3.2386231531e-04 -9.4330009337e-03 -3.3019466076e-04 8.1040824441e-03 3.3541710661e-04 -6.9642475320e-03 -3.4148474347e-04 5.9724460883e-03 3.5285117736e-04 -5.0907506285e-03 -4.0123602309e-04 4.6174150639e-03 
3.3829962640e-02 -2.8471713902e-03 -3.8971636959e-02 2.4555615269e-03 4.9184636338e-02 -2.3838930377e-03 -6.4118300733e-02 2.4022570952e-03 8.8860304156e-02 -2.4946823071e-03 -1.4099604445e-01 2.6761645320e-03 3.6805005565e-01 4.9728167079e-01 2.6714639676e-01 2.2320114389e-03 -6.6993693356e-02 -1.7442721194e-03 3.1993055285e-02 1.4072664630e-03 -1.8614582050e-02 -1.1595933561e-03 1.1958279615e-02 9.6817762192e-04 -8.1533325022e-03 -8.1560797132e-04 5.7817949143e-03 6.9139659850e-04 -4.2129086491e-03 -5.8869353307e-04 3.1283824662e-03 5.0275000565e-04 -2.3526063570e-03 -4.3012265591e-04 1.7820062381e-03 3.6822423761e-04 -1.3522364002e-03 -3.1505207710e-04 1.0216135349e-03 2.6901388922e-04 -7.6217788850e-04 -2.2880907827e-04 5.5459775411e-04 1.9334202323e-04 -3.8511333726e-04 -1.6166066848e-04 2.4357923867e-04 1.3293574316e-04 -1.2149658881e-04 -1.1447049590e-04 
-6.7559500043e-04 2.7333840427e-03 6.2299732993e-04 -5.5941308314e-03 -6.4194579100e-04 9.8367956886e-03 6.8219730805e-04 -1.6914297221e-02 -7.5300839517e-04 3.0734823361e-02 8.7205424781e-04 -6.6254855678e-02 -1.0666570275e-03 2.6714639676e-01 5.0113787851e-01 3.6716615826e-01 -7.4807648355e-04 -1.3977746091e-01 3.6762961028e-04 8.7556907598e-02 -1.2778977836e-04 -6.2846298475e-02 -3.0780202364e-05 4.8038428004e-02 1.3997575388e-04 -3.8065199073e-02 -2.1667769050e-04 3.0869426368e-02 2.7100277461e-04 -2.5439483321e-02 -3.0947585534e-04 2.1211787303e-02 3.3653818039e-04 -1.7843512734e-02 -3.5534391612e-04 1.5111983844e-02 3.6822423761e-04 -1.2864933590e-02 -3.7699098067e-04 1.0993681756e-02 3.8318130065e-04 -9.4175302591e-03 -3.8835263619e-04 8.0738769670e-03 3.9474441899e-04 -6.9110633353e-03 -4.0748683318e-04 5.8824925086e-03 4.6319598408e-04 -5.3306484058e-03 
-2.7428452575e-02 2.3254240297e-03 3.1248283994e-02 -2.0140797907e-03 -3.8669361078e-02 1.9529629979e-03 4.8760260615e-02 -1.9539757741e-03 -6.3601783496e-02 1.9963737937e-03 8.8253663336e-02 -2.0837043474e-03 -1.4027269065e-01 2.2320114389e-03 3.6716615826e-01 4.9774619794e-01 2.6792145955e-01 1.8514708185e-03 -6.7500458161e-02 -1.4506294244e-03 3.2342677314e-02 1.1727670919e-03 -1.8864875375e-02 -9.6756162054e-04 1.2139763154e-02 8.0824111570e-04 -8.2844406815e-03 -6.8070147334e-04 5.8745193688e-03 5.7643475193e-04 -4.2754141130e-03 -4.8986623850e-04 3.1663844597e-03 4.1711338396e-04 -2.3701638915e-03 -3.5534391612e-04 1.7820062381e-03 3.0241341076e-04 -1.3367011600e-03 -2.5664555581e-04 9.9189797732e-04 2.1668998014e-04 -7.1908994240e-04 -1.8142457061e-04 4.9844829685e-04 1.4989508072e-04 -3.1566759121e-04 -1.2131173108e-04 1.5931448231e-04 1.0208097068e-04 
4.6326891793e-04 -1.9224245284e-03 -4.2140375265e-04 3.8610642244e-03 4.2521415299e-04 -6.5703092322e-03 -4.3991017623e-04 1.0704608993e-02 4.6981322466e-04 -1.7706817073e-02 -5.2114463673e-04 3.1481882745e-02 6.0712817086e-04 -6.6993693356e-02 -7.4807648355e-04 2.6792145955e-01 5.0078141937e-01 3.6655973283e-01 -4.5452452096e-04 -1.3943867588e-01 1.4328793105e-04 8.7364586706e-02 5.1794170628e-05 -6.2736258694e-02 -1.7981418575e-04 4.7977059854e-02 2.6694577046e-04 -3.8033114384e-02 -3.2715744094e-04 3.0854737670e-02 3.6888326839e-04 -2.5434512394e-02 -3.9760996144e-04 2.1211269035e-02 4.1711338396e-04 -1.7843512734e-02 -4.3012265591e-04 1.5109158058e-02 4.3872685851e-04 -1.2855910705e-02 -4.4468348247e-04 1.0974381836e-02 4.4977176990e-04 -9.3821535048e-03 -4.5656413452e-04 8.0130868783e-03 4.7098346283e-04 -6.8091671627e-03 -5.3537056567e-04 6.1637410225e-03 
2.2564152144e-02 -1.9238887235e-03 -2.5506589656e-02 1.6721784284e-03 3.1146727597e-02 -1.6208961486e-03 -3.8456087537e-02 1.6148104077e-03 4.8471706990e-02 -1.6344426812e-03 -6.3252006970e-02 1.6757564747e-03 8.7840592433e-02 -1.7442721194e-03 -1.3977746091e-01 1.8514708185e-03 3.6655973283e-01 4.9815361197e-01 2.6845161826e-01 1.5128883644e-03 -6.7843794711e-02 -1.1876450954e-03 3.2575280723e-02 9.6130045377e-04 -1.9026318007e-02 -7.9320068416e-04 1.2250949956e-02 6.6203571329e-04 -8.3579916575e-03 -5.5653985818e-04 5.9186132254e-03 4.6989468211e-04 -4.2955669487e-03 -3.9760996145e-04 3.1663844598e-03 3.3653818039e-04 -2.3526063570e-03 -2.8436455352e-04 1.7486159174e-03 2.3931849043e-04 -1.2885288167e-03 -1.9999792634e-04 9.2943156099e-04 1.6525656397e-04 -6.4228754920e-04 -1.3414442742e-04 4.0666311563e-04 1.0592614060e-04 -2.0690790337e-04 -8.5832834242e-05 
-3.0959233649e-04 1.3898989447e-03 2.7446395457e-04 -2.7560722269e-03 -2.6799294820e-04 4.5857940097e-03 2.6664176002e-04 -7.2136254811e-03 -2.7247199520e-04 1.1287040634e-02 2.8773116149e-04 -1.8245231467e-02 -3.1643266757e-04 3.1993055285e-02 3.6762961028e-04 -6.7500458161e-02 -4.5452452096e-04 2.6845161826e-01 5.0044892225e-01 3.6614880956e-01 -1.7592952545e-04 -1.3921328310e-01 -7.2738539089e-05 8.7240533531e-02 2.2723367986e-04 -6.2668800938e-02 -3.2745211900e-04 4.7942559985e-02 3.9445307933e-04 -3.8017783749e-02 -4.3961770400e-04 3.0849960342e-02 4.6989468211e-04 -2.5434512394e-02 -4.8986623850e-04 2.1211787303e-02 5.0275000565e-04 -1.7840938895e-02 -5.1096260524e-04 1.5099824017e-02 5.1651652152e-04 -1.2835317454e-02 -5.2144741236e-04 1.0936048326e-02 5.2871679892e-04 -9.3155385825e-03 -5.4518009141e-04 7.9003632875e-03 6.1990953130e-04 -7.1424139929e-03 
-1.8771693484e-02 1.6077114638e-03 2.1098249343e-02 -1.4014553119e-03 -2.5519550304e-02 1.3585522474e-03 3.1058193520e-02 -1.3497554834e-03 -3.8302989932e-02 1.3579313010e-03 4.8271887345e-02 -1.3774830628e-03 -6.3011397403e-02 1.4072664630e-03 8.7556907598e-02 -1.4506294244e-03 -1.3943867588e-01 1.5128883644e-03 3.6614880956e-01 4.9852280636e-01 2.6880434714e-01 1.2027769572e-03 -6.8065205627e-02 -9.4562884587e-04 3.2717741971e-02 7.6565974970e-04 -1.9116857176e-02 -6.3098236741e-04 1.2303808750e-02 5.2521133481e-04 -8.3817011644e-03 -4.3961770400e-04 5.9186132254e-03 3.6888326839e-04 -4.2754141130e-03 -3.0947585534e-04 3.1283824662e-03 2.5889435921e-04 -2.2981592106e-03 -2.1527701432e-04 1.6784289789e-03 1.7717940738e-04 -1.2027105136e-03 -1.4344226809e-04 8.2750495512e-04 1.1313374223e-04 -5.2307974825e-04 -8.5595548125e-05 2.6756578242e-04 6.4517732168e-05 
1.9638952902e-04 -1.0262661518e-03 -1.6571054118e-04 2.0175052496e-03 1.5207465735e-04 -3.3034926472e-03 -1.4022255371e-04 5.0712447862e-03 1.3106153920e-04 -7.6504459815e-03 -1.2514530402e-04 1.1685595558e-02 1.2338921582e-04 -1.8614582050e-02 -1.2778977836e-04 3.2342677314e-02 1.4328793105e-04 -6.7843794711e-02 -1.7592952545e-04 2.6880434714e-01 5.0013045735e-01 3.6588378807e-01 9.4778507302e-05 -1.3907525000e-01 -2.8550876059e-04 8.7170970960e-02 4.0238800098e-04 -6.2636724713e-02 -4.7683540743e-04 4.7931428907e-02 5.2521133482e-04 -3.8017783749e-02 -5.5653985818e-04 3.0854737670e-02 5.7643475193e-04 -2.5439483321e-02 -5.8869353307e-04 2.1213095089e-02 5.9610353873e-04 -1.7834636785e-02 -6.0096084479e-04 1.5080994408e-02 6.0559045758e-04 -1.2796759764e-02 -6.1340594271e-04 1.0865900112e-02 6.3236369518e-04 -9.1935833489e-03 -7.1949881759e-04 8.2990158515e-03 
1.5755470665e-02 -1.3542396387e-03 -1.7631250280e-02 1.1833580309e-03 2.1175356381e-02 -1.1473720474e-03 -2.5505100432e-02 1.1378115529e-03 3.0987155768e-02 -1.1399218477e-03 -3.8193762517e-02 1.1481145208e-03 4.8133149287e-02 -1.1595933561e-03 -6.2846298475e-02 1.1727670919e-03 8.7364586706e-02 -1.1876450954e-03 -1.3921328310e-01 1.2027769572e-03 3.6588378807e-01 4.9886609464e-01 2.6902038681e-01 9.1202048413e-04 -6.8189357133e-02 -7.1785157223e-04 3.2785455080e-02 5.8069716480e-04 -1.9146037839e-02 -4.7683540743e-04 1.2303808750e-02 3.9445307932e-04 -8.3579916575e-03 -3.2715744095e-04 5.8745193688e-03 2.7100277461e-04 -4.2129086491e-03 -2.2332794728e-04 3.0484890679e-03 1.8221613145e-04 -2.2011613531e-03 -1.4621385447e-04 1.5639588864e-03 1.1417711298e-04 -1.0697308432e-03 -8.5218709054e-05 6.7414770430e-04 5.8791800975e-05 -3.4590006744e-04 -3.6565321634e-05 
-1.1192151144e-04 7.7012576160e-04 8.4332199064e-05 -1.5055566105e-03 -6.5645762957e-05 2.4364404053e-03 4.6760546846e-05 -3.6745216548e-03 -2.7934860126e-05 5.4032849081e-03 8.9443262491e-06 -7.9501528881e-03 1.0542130348e-05 1.1958279615e-02 -3.0780202364e-05 -1.8864875375e-02 5.1794170628e-05 3.2575280723e-02 -7.2738539089e-05 -6.8065205627e-02 9.4778507302e-05 2.6902038681e-01 4.9981874439e-01 3.6573517474e-01 3.6311679306e-04 -1.3900964720e-01 -4.9922533674e-04 8.7148553258e-02 5.8069716480e-04 -6.2636724713e-02 -6.3098236740e-04 4.7942559985e-02 6.6203571329e-04 -3.8033114384e-02 -6.8070147334e-04 3.0869426368e-02 6.9139659850e-04 -2.5449501425e-02 -6.9728245124e-04 2.1214277896e-02 7.0094182751e-04 -1.7821681144e-02 -7.0500973113e-04 1.5045964545e-02 7.1341784010e-04 -1.2726364182e-02 -7.3542606857e-04 1.0737267209e-02 8.3755136360e-04 -9.6749491985e-03 
-1.3318467104e-02 1.1480993267e-03 1.4853562772e-02 -1.0052217345e-03 -1.7742335421e-02 9.7488099139e-04 2.1204301308e-02 -9.6542266660e-04 -2.5483965330e-02 9.6421767327e-04 3.0933557005e-02 -9.6616444553e-04 -3.8117069150e-02 9.6817762192e-04 4.8038428004e-02 -9.6756162054e-04 -6.2736258694e-02 9.6130045377e-04 8.7240533531e-02 -9.4562884587e-04 -1.3907525000e-01 9.1202048413e-04 3.6573517474e-01 4.9919218981e-01 2.6912307435e-01 6.3392752857e-04 -6.8229367906e-02 -4.9922533674e-04 3.2785455080e-02 4.0238800098e-04 -1.9116857176e-02 -3.2745211900e-04 1.2250949956e-02 2.6694577046e-04 -8.2844406815e-03 -2.1667769050e-04 5.7817949143e-03 1.7398667412e-04 -4.1015275721e-03 -1.3702118310e-04 2.9181777608e-03 1.0440554771e-04 -2.0509209274e-03 -7.5073791598e-05 1.3920006665e-03 4.8233173633e-05 -8.7323978634e-04 -2.3501249382e-05 4.4851178418e-04 -1.0685949819e-07 
4.8311421073e-05 -5.8507061484e-04 -2.2976879433e-05 1.1402312511e-03 7.2958461443e-07 -1.8292674912e-03 2.2909569429e-05 2.7224972519e-03 -4.8073964065e-05 -3.9289846714e-03 7.5366764250e-05 5.6305066963e-03 -1.0563922381e-04 -8.1533325022e-03 1.3997575388e-04 1.2139763154e-02 -1.7981418575e-04 -1.9026318007e-02 2.2723367986e-04 3.2717741971e-02 -2.8550876059e-04 -6.8189357133e-02 3.6311679306e-04 2.6912307435e-01 4.9950782343e-01 3.6568727935e-01 6.3392752857e-04 -1.3900964720e-01 -7.1785157223e-04 8.7170970960e-02 7.6565974970e-04 -6.2668800938e-02 -7.9320068417e-04 4.7977059854e-02 8.0824111570e-04 -3.8065199073e-02 -8.1560797132e-04 3.0895102986e-02 8.1869638263e-04 -2.5464543074e-02 -8.2030022214e-04 2.1213099202e-02 8.2334536425e-04 -1.7795647422e-02 -8.3233939157e-04 1.4980280637e-02 8.5808696095e-04 -1.2595248472e-02 -9.7847988598e-04 1.1324178136e-02 
1.1324178136e-02 -9.7847988597e-04 -1.2595248472e-02 8.5808696095e-04 1.4980280637e-02 -8.3233939156e-04 -1.7795647422e-02 8.2334536425e-04 2.1213099202e-02 -8.2030022213e-04 -2.5464543074e-02 8.1869638263e-04 3.0895102986e-02 -8.1560797132e-04 -3.8065199073e-02 8.0824111570e-04 4.7977059854e-02 -7.9320068416e-04 -6.2668800938e-02 7.6565974970e-04 8.7170970960e-02 -7.1785157223e-04 -1.3900964720e-01 6.3392752857e-04 3.6568727935e-01 4.9950782343e-01 2.6912307435e-01 3.6311679306e-04 -6.8189357133e-02 -2.8550876059e-04 3.2717741971e-02 2.2723367986e-04 -1.9026318007e-02 -1.7981418575e-04 1.2139763154e-02 1.3997575387e-04 -8.1533325022e-03 -1.0563922381e-04 5.6305066963e-03 7.5366764249e-05 -3.9289846714e-03 -4.8073964060e-05 2.7224972519e-03 2.2909569432e-05 -1.8292674912e-03 7.2958461840e-07 1.1402312511e-03 -2.2976879431e-05 -5.8507061484e-04 4.8311421073e-05 
-1.0685949814e-07 4.4851178418e-04 -2.3501249383e-05 -8.7323978634e-04 4.8233173633e-05 1.3920006665e-03 -7.5073791600e-05 -2.0509209274e-03 1.0440554770e-04 2.9181777608e-03 -1.3702118310e-04 -4.1015275721e-03 1.7398667412e-04 5.7817949143e-03 -2.1667769050e-04 -8.2844406815e-03 2.6694577046e-04 1.2250949956e-02 -3.2745211900e-04 -1.9116857176e-02 4.0238800098e-04 3.2785455080e-02 -4.9922533674e-04 -6.8229367906e-02 6.3392752857e-04 2.6912307435e-01 4.9919218981e-01 3.6573517474e-01 9.1202048412e-04 -1.3907525000e-01 -9.4562884588e-04 8.7240533531e-02 9.6130045376e-04 -6.2736258694e-02 -9.6756162054e-04 4.8038428004e-02 9.6817762192e-04 -3.8117069150e-02 -9.6616444552e-04 3.0933557005e-02 9.6421767327e-04 -2.5483965330e-02 -9.6542266660e-04 2.1204301308e-02 9.7488099139e-04 -1.7742335421e-02 -1.0052217345e-03 1.4853562772e-02 1.1480993267e-03 -1.3318467104e-02 
-9.6749491985e-03 8.3755136360e-04 1.0737267209e-02 -7.3542606857e-04 -1.2726364182e-02 7.1341784010e-04 1.5045964545e-02 -7.0500973113e-04 -1.7821681144e-02 7.0094182751e-04 2.1214277896e-02 -6.9728245124e-04 -2.5449501425e-02 6.9139659850e-04 3.0869426368e-02 -6.8070147334e-04 -3.8033114384e-02 6.6203571329e-04 4.7942559985e-02 -6.3098236741e-04 -6.2636724713e-02 5.8069716480e-04 8.7148553258e-02 -4.9922533674e-04 -1.3900964720e-01 3.6311679306e-04 3.6573517474e-01 4.9981874439e-01 2.6902038681e-01 9.4778507307e-05 -6.8065205627e-02 -7.2738539085e-05 3.2575280723e-02 5.1794170633e-05 -1.8864875375e-02 -3.0780202361e-05 1.1958279615e-02 1.0542130351e-05 -7.9501528881e-03 8.9443262530e-06 5.4032849082e-03 -2.7934860123e-05 -3.6745216548e-03 4.6760546847e-05 2.4364404053e-03 -6.5645762961e-05 -1.5055566105e-03 8.4332199065e-05 7.7012576160e-04 -1.1192151144e-04 
-3.6565321635e-05 -3.4590006744e-04 5.8791800976e-05 6.7414770430e-04 -8.5218709053e-05 -1.0697308432e-03 1.1417711298e-04 1.5639588864e-03 -1.4621385447e-04 -2.2011613531e-03 1.8221613145e-04 3.0484890679e-03 -2.2332794728e-04 -4.2129086491e-03 2.7100277461e-04 5.8745193688e-03 -3.2715744094e-04 -8.3579916575e-03 3.9445307933e-04 1.2303808750e-02 -4.7683540743e-04 -1.9146037839e-02 5.8069716480e-04 3.2785455080e-02 -7.1785157223e-04 -6.8189357133e-02 9.1202048412e-04 2.6902038681e-01 4.9886609464e-01 3.6588378807e-01 1.2027769572e-03 -1.3921328310e-01 -1.1876450954e-03 8.7364586706e-02 1.1727670919e-03 -6.2846298475e-02 -1.1595933561e-03 4.8133149287e-02 1.1481145208e-03 -3.8193762517e-02 -1.1399218477e-03 3.0987155768e-02 1.1378115529e-03 -2.5505100432e-02 -1.1473720474e-03 2.1175356381e-02 1.1833580309e-03 -1.7631250280e-02 -1.3542396387e-03 1.5755470665e-02 
8.2990158515e-03 -7.1949881759e-04 -9.1935833489e-03 6.3236369518e-04 1.0865900112e-02 -6.1340594271e-04 -1.2796759764e-02 6.0559045758e-04 1.5080994408e-02 -6.0096084479e-04 -1.7834636785e-02 5.9610353873e-04 2.1213095089e-02 -5.8869353307e-04 -2.5439483321e-02 5.7643475193e-04 3.0854737670e-02 -5.5653985818e-04 -3.8017783749e-02 5.2521133481e-04 4.7931428907e-02 -4.7683540743e-04 -6.2636724713e-02 4.0238800098e-04 8.7170970960e-02 -2.8550876059e-04 -1.3907525000e-01 9.4778507307e-05 3.6588378807e-01 5.0013045735e-01 2.6880434714e-01 -1.7592952544e-04 -6.7843794711e-02 1.4328793105e-04 3.2342677314e-02 -1.2778977836e-04 -1.8614582050e-02 1.2338921583e-04 1.1685595558e-02 -1.2514530402e-04 -7.6504459815e-03 1.3106153921e-04 5.0712447862e-03 -1.4022255371e-04 -3.3034926472e-03 1.5207465735e-04 2.0175052496e-03 -1.6571054119e-04 -1.0262661518e-03 1.9638952902e-04 
6.4517732169e-05 2.6756578242e-04 -8.5595548126e-05 -5.2307974825e-04 1.1313374223e-04 8.2750495512e-04 -1.4344226809e-04 -1.2027105136e-03 1.7717940738e-04 1.6784289789e-03 -2.1527701432e-04 -2.2981592106e-03 2.5889435921e-04 3.1283824662e-03 -3.0947585534e-04 -4.2754141130e-03 3.6888326839e-04 5.9186132254e-03 -4.3961770400e-04 -8.3817011644e-03 5.2521133482e-04 1.2303808750e-02 -6.3098236740e-04 -1.9116857176e-02 7.6565974970e-04 3.2717741971e-02 -9.4562884588e-04 -6.8065205627e-02 1.2027769572e-03 2.6880434714e-01 4.9852280636e-01 3.6614880956e-01 1.5128883644e-03 -1.3943867588e-01 -1.4506294244e-03 8.7556907598e-02 1.4072664630e-03 -6.3011397403e-02 -1.3774830628e-03 4.8271887345e-02 1.3579313010e-03 -3.8302989932e-02 -1.3497554834e-03 3.1058193520e-02 1.3585522474e-03 -2.5519550304e-02 -1.4014553119e-03 2.1098249343e-02 1.6077114638e-03 -1.8771693484e-02 
-7.1424139929e-03 6.1990953130e-04 7.9003632875e-03 -5.4518009140e-04 -9.3155385825e-03 5.2871679892e-04 1.0936048326e-02 -5.2144741236e-04 -1.2835317454e-02 5.1651652152e-04 1.5099824017e-02 -5.1096260523e-04 -1.7840938895e-02 5.0275000565e-04 2.1211787303e-02 -4.8986623850e-04 -2.5434512394e-02 4.6989468211e-04 3.0849960342e-02 -4.3961770400e-04 -3.8017783749e-02 3.9445307932e-04 4.7942559985e-02 -3.2745211900e-04 -6.2668800938e-02 2.2723367986e-04 8.7240533531e-02 -7.2738539085e-05 -1.3921328310e-01 -1.7592952544e-04 3.6614880956e-01 5.0044892225e-01 2.6845161826e-01 -4.5452452096e-04 -6.7500458161e-02 3.6762961028e-04 3.1993055285e-02 -3.1643266756e-04 -1.8245231467e-02 2.8773116149e-04 1.1287040634e-02 -2.7247199520e-04 -7.2136254811e-03 2.6664176002e-04 4.5857940097e-03 -2.6799294820e-04 -2.7560722269e-03 2.7446395457e-04 1.3898989447e-03 -3.0959233649e-04 
-8.5832834239e-05 -2.0690790337e-04 1.0592614060e-04 4.0666311563e-04 -1.3414442743e-04 -6.4228754920e-04 1.6525656397e-04 9.2943156099e-04 -1.9999792634e-04 -1.2885288167e-03 2.3931849044e-04 1.7486159174e-03 -2.8436455352e-04 -2.3526063570e-03 3.3653818039e-04 3.1663844597e-03 -3.9760996144e-04 -4.2955669487e-03 4.6989468211e-04 5.9186132254e-03 -5.5653985818e-04 -8.3579916575e-03 6.6203571329e-04 1.2250949956e-02 -7.9320068417e-04 -1.9026318007e-02 9.6130045376e-04 3.2575280723e-02 -1.1876450954e-03 -6.7843794711e-02 1.5128883644e-03 2.6845161826e-01 4.9815361197e-01 3.6655973283e-01 1.8514708185e-03 -1.3977746091e-01 -1.7442721194e-03 8.7840592433e-02 1.6757564747e-03 -6.3252006970e-02 -1.6344426812e-03 4.8471706990e-02 1.6148104077e-03 -3.8456087537e-02 -1.6208961486e-03 3.1146727597e-02 1.6721784284e-03 -2.5506589656e-02 -1.9238887235e-03 2.2564152144e-02 
6.1637410225e-03 -5.3537056567e-04 -6.8091671627e-03 4.7098346283e-04 8.0130868783e-03 -4.5656413452e-04 -9.3821535048e-03 4.4977176990e-04 1.0974381836e-02 -4.4468348247e-04 -1.2855910705e-02 4.3872685851e-04 1.5109158058e-02 -4.3012265591e-04 -1.7843512734e-02 4.1711338396e-04 2.1211269035e-02 -3.9760996145e-04 -2.5434512394e-02 3.6888326839e-04 3.0854737670e-02 -3.2715744095e-04 -3.8033114384e-02 2.6694577046e-04 4.7977059854e-02 -1.7981418575e-04 -6.2736258694e-02 5.1794170633e-05 8.7364586706e-02 1.4328793105e-04 -1.3943867588e-01 -4.5452452096e-04 3.6655973283e-01 5.0078141937e-01 2.6792145955e-01 -7.4807648355e-04 -6.6993693356e-02 6.0712817086e-04 3.1481882745e-02 -5.2114463673e-04 -1.7706817073e-02 4.6981322466e-04 1.0704608993e-02 -4.3991017623e-04 -6.5703092322e-03 4.2521415299e-04 3.8610642244e-03 -4.2140375265e-04 -1.9224245284e-03 4.6326891793e-04 
1.0208097068e-04 1.5931448231e-04 -1.2131173107e-04 -3.1566759121e-04 1.4989508072e-04 4.9844829685e-04 -1.8142457061e-04 -7.1908994240e-04 2.1668998015e-04 9.9189797732e-04 -2.5664555581e-04 -1.3367011600e-03 3.0241341076e-04 1.7820062381e-03 -3.5534391612e-04 -2.3701638915e-03 4.1711338396e-04 3.1663844598e-03 -4.8986623850e-04 -4.2754141130e-03 5.7643475193e-04 5.8745193688e-03 -6.8070147334e-04 -8.2844406815e-03 8.0824111570e-04 1.2139763154e-02 -9.6756162054e-04 -1.8864875375e-02 1.1727670919e-03 3.2342677314e-02 -1.4506294244e-03 -6.7500458161e-02 1.8514708185e-03 2.6792145955e-01 4.9774619794e-01 3.6716615826e-01 2.2320114389e-03 -1.4027269065e-01 -2.0837043474e-03 8.8253663336e-02 1.9963737937e-03 -6.3601783496e-02 -1.9539757741e-03 4.8760260615e-02 1.9529629979e-03 -3.8669361078e-02 -2.0140797907e-03 3.1248283994e-02 2.3254240297e-03 -2.7428452575e-02 
-5.3306484058e-03 4.6319598407e-04 5.8824925086e-03 -4.0748683317e-04 -6.9110633353e-03 3.9474441899e-04 8.0738769670e-03 -3.8835263619e-04 -9.4175302591e-03 3.8318130064e-04 1.0993681756e-02 -3.7699098067e-04 -1.2864933590e-02 3.6822423761e-04 1.5111983844e-02 -3.5534391612e-04 -1.7843512734e-02 3.3653818039e-04 2.1211787303e-02 -3.0947585534e-04 -2.5439483321e-02 2.7100277461e-04 3.0869426368e-02 -2.1667769050e-04 -3.8065199073e-02 1.3997575387e-04 4.8038428004e-02 -3.0780202361e-05 -6.2846298475e-02 -1.2778977836e-04 8.7556907598e-02 3.6762961028e-04 -1.3977746091e-01 -7.4807648355e-04 3.6716615826e-01 5.0113787851e-01 2.6714639676e-01 -1.0666570275e-03 -6.6254855678e-02 8.7205424781e-04 3.0734823361e-02 -7.5300839517e-04 -1.6914297221e-02 6.8219730805e-04 9.8367956886e-03 -6.4194579100e-04 -5.5941308314e-03 6.2299732993e-04 2.7333840427e-03 -6.7559500043e-04 
-1.1447049590e-04 -1.2149658881e-04 1.3293574316e-04 2.4357923868e-04 -1.6166066848e-04 -3.8511333726e-04 1.9334202323e-04 5.5459775412e-04 -2.2880907827e-04 -7.6217788850e-04 2.6901388922e-04 1.0216135349e-03 -3.1505207710e-04 -1.3522364002e-03 3.6822423761e-04 1.7820062381e-03 -4.3012265591e-04 -2.3526063570e-03 5.0275000565e-04 3.1283824662e-03 -5.8869353307e-04 -4.2129086491e-03 6.9139659850e-04 5.7817949143e-03 -8.1560797132e-04 -8.1533325022e-03 9.6817762192e-04 1.1958279615e-02 -1.1595933561e-03 -1.8614582050e-02 1.4072664630e-03 3.1993055285e-02 -1.7442721194e-03 -6.6993693356e-02 2.2320114389e-03 2.6714639676e-01 4.9728167079e-01 3.6805005565e-01 2.6761645320e-03 -1.4099604445e-01 -2.4946823071e-03 8.8860304156e-02 2.4022570952e-03 -6.4118300733e-02 -2.3838930377e-03 4.9184636338e-02 2.4555615269e-03 -3.8971636959e-02 -2.8471713902e-03 3.3829962640e-02 
4.6174150639e-03 -4.0123602309e-04 -5.0907506285e-03 3.5285117736e-04 5.9724460883e-03 -3.4148474347e-04 -6.9642475320e-03 3.3541710661e-04 8.1040824441e-03 -3.3019466076e-04 -9.4330009337e-03 3.2386231531e-04 1.0999580701e-02 -3.1505207710e-04 -1.2864933590e-02 3.0241341076e-04 1.5109158058e-02 -2.8436455352e-04 -1.7840938895e-02 2.5889435921e-04 2.1213095089e-02 -2.2332794728e-04 -2.5449501425e-02 1.7398667412e-04 3.0895102986e-02 -1.0563922381e-04 -3.8117069150e-02 1.0542130351e-05 4.8133149287e-02 1.2338921583e-04 -6.3011397403e-02 -3.1643266756e-04 8.7840592433e-02 6.0712817086e-04 -1.4027269065e-01 -1.0666570275e-03 3.6805005565e-01 5.0153326931e-01 2.6601391497e-01 -1.4260933761e-03 -6.5167445155e-02 1.1794460626e-03 2.9622418456e-02 -1.0314150529e-03 -1.5714222538e-02 9.4775431606e-04 8.4915960981e-03 -9.0545178744e-04 -4.0327336666e-03 9.7609490045e-04 
1.2395894535e-04 9.1064524711e-05 -1.4174318672e-04 -1.8570912578e-04 1.7046246738e-04 2.9455046891e-04 -2.0212672318e-04 -4.2399636373e-04 2.3759539830e-04 5.8129174175e-04 -2.7781662256e-04 -7.7607176050e-04 3.2386231531e-04 1.0216135349e-03 -3.7699098067e-04 -1.3367011600e-03 4.3872685851e-04 1.7486159174e-03 -5.1096260524e-04 -2.2981592106e-03 5.9610353873e-04 3.0484890679e-03 -6.9728245124e-04 -4.1015275721e-03 8.1869638263e-04 5.6305066963e-03 -9.6616444552e-04 -7.9501528881e-03 1.1481145208e-03 1.1685595558e-02 -1.3774830628e-03 -1.8245231467e-02 1.6757564747e-03 3.1481882745e-02 -2.0837043474e-03 -6.6254855678e-02 2.6761645320e-03 2.6601391497e-01 4.9672846209e-01 3.6935036434e-01 3.2219878071e-03 -1.4207193785e-01 -3.0258175414e-03 8.9775229463e-02 2.9628000943e-03 -6.4907936984e-02 -3.0426249165e-03 4.9840630977e-02 3.5457322544e-03 -4.2547506147e-02 
-4.0032030425e-03 3.4773845296e-04 4.4101315317e-03 -3.0557087286e-04 -5.1677476750e-03 2.9533235870e-04 6.0163576413e-03 -2.8951597694e-04 -6.9871661803e-03 2.8424817820e-04 8.1132585481e-03 -2.7781662256e-04 -9.4330009337e-03 2.6901388922e-04 1.0993681756e-02 -2.5664555581e-04 -1.2855910705e-02 2.3931849043e-04 1.5099824017e-02 -2.1527701432e-04 -1.7834636785e-02 1.8221613145e-04 2.1214277896e-02 -1.3702118310e-04 -2.5464543074e-02 7.5366764249e-05 3.0933557005e-02 8.9443262530e-06 -3.8193762517e-02 -1.2514530402e-04 4.8271887345e-02 2.8773116149e-04 -6.3252006970e-02 -5.2114463673e-04 8.8253663336e-02 8.7205424781e-04 -1.4099604445e-01 -1.4260933761e-03 3.6935036434e-01 5.0199248750e-01 2.6432846694e-01 -1.8538960541e-03 -6.3522132977e-02 1.5607580541e-03 2.7901866337e-02 -1.3940626871e-03 -1.3802433189e-02 1.3128921164e-03 6.2629907340e-03 -1.4157799474e-03 
-1.3134961260e-04 -6.6249796196e-05 1.4853616973e-04 1.3861902416e-04 -1.7717349600e-04 -2.2115097759e-04 2.0873787364e-04 3.1872957540e-04 -2.4411409418e-04 -4.3652601886e-04 2.8424817820e-04 5.8129174175e-04 -3.3019466076e-04 -7.6217788850e-04 3.8318130065e-04 9.9189797732e-04 -4.4468348247e-04 -1.2885288167e-03 5.1651652152e-04 1.6784289789e-03 -6.0096084479e-04 -2.2011613531e-03 7.0094182751e-04 2.9181777608e-03 -8.2030022214e-04 -3.9289846714e-03 9.6421767327e-04 5.4032849082e-03 -1.1399218477e-03 -7.6504459815e-03 1.3579313010e-03 1.1287040634e-02 -1.6344426812e-03 -1.7706817073e-02 1.9963737937e-03 3.0734823361e-02 -2.4946823071e-03 -6.5167445155e-02 3.2219878071e-03 2.6432846694e-01 4.9602835621e-01 3.7131630710e-01 3.9442770555e-03 -1.4373276018e-01 -3.7830044983e-03 9.1224261286e-02 3.8554073145e-03 -6.6203853157e-02 -4.5196452244e-03 5.4994082639e-02 
3.4707297062e-03 -3.0124188695e-04 -3.8210079178e-03 2.6438507857e-04 4.4728844545e-03 -2.5506969955e-04 -5.2004275479e-03 2.4943723852e-04 6.0295298387e-03 -2.4411409419e-04 -6.9871661803e-03 2.3759539830e-04 8.1040824441e-03 -2.2880907827e-04 -9.4175302591e-03 2.1668998014e-04 1.0974381836e-02 -1.9999792634e-04 -1.2835317454e-02 1.7717940738e-04 1.5080994408e-02 -1.4621385447e-04 -1.7821681144e-02 1.0440554771e-04 2.1213099202e-02 -4.8073964060e-05 -2.5483965330e-02 -2.7934860123e-05 3.0987155768e-02 1.3106153921e-04 -3.8302989932e-02 -2.7247199520e-04 4.8471706990e-02 4.6981322466e-04 -6.3601783496e-02 -7.5300839517e-04 8.8860304156e-02 1.1794460626e-03 -1.4207193785e-01 -1.8538960541e-03 3.7131630710e-01 5.0256171052e-01 2.6172465304e-01 -2.4037973024e-03 -6.0906941098e-02 2.0816220064e-03 2.5063201261e-02 -1.9251492353e-03 -1.0488855714e-02 2.0904107517e-03 
1.3740934913e-04 4.5714954067e-05 -1.5409609138e-04 -9.9738572498e-05 1.8265678116e-04 1.6076574395e-04 -2.1413393053e-04 -2.3254566630e-04 2.4943723852e-04 3.1872957540e-04 -2.8951597695e-04 -4.2399636373e-04 3.3541710661e-04 5.5459775411e-04 -3.8835263619e-04 -7.1908994240e-04 4.4977176990e-04 9.2943156099e-04 -5.2144741236e-04 -1.2027105136e-03 6.0559045758e-04 1.5639588864e-03 -7.0500973113e-04 -2.0509209274e-03 8.2334536425e-04 2.7224972519e-03 -9.6542266660e-04 -3.6745216548e-03 1.1378115529e-03 5.0712447862e-03 -1.3497554834e-03 -7.2136254811e-03 1.6148104077e-03 1.0704608993e-02 -1.9539757741e-03 -1.6914297221e-02 2.4022570952e-03 2.9622418456e-02 -3.0258175414e-03 -6.3522132977e-02 3.9442770555e-03 2.6172465304e-01 4.9505935665e-01 3.7443727568e-01 5.0152274477e-03 -1.4646601741e-01 -5.0509953366e-03 9.3737880325e-02 5.9567649169e-03 -7.4038674554e-02 
-3.0051408637e-03 2.6048425260e-04 3.3066090740e-03 -2.2820142678e-04 -3.8674593117e-03 2.1964191465e-04 4.4915256483e-03 -2.1413393053e-04 -5.2004275479e-03 2.0873787364e-04 6.0163576413e-03 -2.0212672318e-04 -6.9642475320e-03 1.9334202323e-04 8.0738769670e-03 -1.8142457061e-04 -9.3821535048e-03 1.6525656397e-04 1.0936048326e-02 -1.4344226809e-04 -1.2796759764e-02 1.1417711298e-04 1.5045964545e-02 -7.5073791598e-05 -1.7795647422e-02 2.2909569432e-05 2.1204301308e-02 4.6760546847e-05 -2.5505100432e-02 -1.4022255371e-04 3.1058193520e-02 2.6664176002e-04 -3.8456087537e-02 -4.3991017623e-04 4.8760260615e-02 6.8219730805e-04 -6.4118300733e-02 -1.0314150529e-03 8.9775229463e-02 1.5607580541e-03 -1.4373276018e-01 -2.4037973024e-03 3.7443727568e-01 5.0333910913e-01 2.5743909477e-01 -3.1971669888e-03 -5.6391532315e-02 2.9050388311e-03 1.9844631532e-02 -3.2009413497e-03 
-1.4312530489e-04 -2.8407938213e-05 1.5946073356e-04 6.7092107633e-05 -1.8808568436e-04 -1.1024874136e-04 2.1964191466e-04 1.6076574396e-04 -2.5506969955e-04 -2.2115097759e-04 2.9533235870e-04 2.9455046891e-04 -3.4148474347e-04 -3.8511333726e-04 3.9474441899e-04 4.9844829685e-04 -4.5656413452e-04 -6.4228754920e-04 5.2871679892e-04 8.2750495512e-04 -6.1340594271e-04 -1.0697308432e-03 7.1341784010e-04 1.3920006665e-03 -8.3233939157e-04 -1.8292674912e-03 9.7488099139e-04 2.4364404053e-03 -1.1473720474e-03 -3.3034926472e-03 1.3585522474e-03 4.5857940097e-03 -1.6208961486e-03 -6.5703092322e-03 1.9529629979e-03 9.8367956886e-03 -2.3838930377e-03 -1.5714222538e-02 2.9628000943e-03 2.7901866337e-02 -3.7830044983e-03 -6.0906941098e-02 5.0152274477e-03 2.5743909477e-01 4.9351218823e-01 3.7981874309e-01 6.9385086996e-03 -1.5151294367e-01 -8.2715159780e-03 1.0658280025e-01 
