U = 2
ghf:  -116.81814289, -116.99674596
