d = 4.0
agp:  -3.25294737
ghf:  -3.79669824
kghf:  -3.80392537
pfaffian:  -3.80394418
