U = 4
ghf:  -17.12322639, -17.20424682
kghf:  -17.15994298, -17.21774331
pfaffian:  -17.12326742, -17.20504275
kpfaffian:  -17.1596404, -17.21639132
