9.9912386761e-01 5.9330510372e-03 6.2869606988e-03 -8.4782700385e-17 -3.5827263348e-16 1.7971455929e-02 -9.3612202391e-17 -2.3487620660e-16 -2.0900974903e-02 1.1895498281e-04 -2.7500590037e-03 -1.5355846524e-03 -1.3350828661e-16 -3.3653140177e-16 -5.2926704495e-03 -8.5808448389e-17 -2.4033301948e-16 -1.6930659809e-03 
5.9330510372e-03 4.2136295228e-01 1.5013620805e-01 -1.3713652539e-15 -4.6035410637e-15 -8.4353847735e-02 -7.9703903504e-16 -3.3201652442e-15 -1.0622978006e-02 -5.2926704495e-03 -1.0766086433e-01 -3.2663664186e-02 -1.3760327407e-15 -4.6089704413e-15 4.2015263595e-01 -1.1321271379e-15 -3.1681200551e-15 1.5747281305e-01 
6.2869606988e-03 1.5013620805e-01 2.0436589156e-01 2.0077839244e-14 7.4794780830e-14 5.1532883954e-02 1.3757244114e-14 5.2275700342e-14 5.3150769946e-02 -1.6930659810e-03 2.0941870626e-01 2.0576828071e-01 1.9842634294e-14 7.4817461758e-14 1.5747281305e-01 1.3978600012e-14 5.2212028586e-14 1.5343432278e-01 
-8.4782700385e-17 -1.3713652539e-15 2.0077839244e-14 3.3614154330e-01 -3.0052167283e-16 -5.6854945051e-16 2.3469050794e-01 -5.8343863417e-16 7.7213301004e-15 1.9551935737e-16 1.5640062948e-15 -8.8188538843e-15 3.3614154330e-01 -2.7293955455e-16 1.9200396808e-15 2.3469050794e-01 -6.2364868622e-17 -2.0100018359e-14 
-3.5827263348e-16 -4.6035410637e-15 7.4794780830e-14 -3.0052167283e-16 3.3614154330e-01 -3.4988140263e-15 -1.2319518093e-15 2.3469050794e-01 3.3134203682e-14 5.0670542084e-16 3.2657353782e-15 -3.2943187737e-14 1.4907034442e-16 3.3614154330e-01 4.5175941266e-15 1.2294695591e-15 2.3469050794e-01 -7.4704912089e-14 
1.7971455929e-02 -8.4353847735e-02 5.1532883954e-02 -5.6854945051e-16 -3.4988140263e-15 4.9116656041e-01 -4.0222542283e-16 -2.4061125573e-15 4.2686721869e-01 -2.7500590037e-03 -3.4435867619e-04 -4.6448114271e-02 -2.9603446473e-16 -3.5907514087e-15 -1.0766086433e-01 -4.4913606124e-17 -2.5268584035e-15 2.0941870626e-01 
-9.3612202391e-17 -7.9703903504e-16 1.3757244114e-14 2.3469050794e-01 -1.2319518093e-15 -4.0222542283e-16 1.6385845670e-01 -1.1210322172e-15 5.4505397876e-15 2.3888677809e-16 4.5821951246e-16 -6.7092930910e-15 2.3469050794e-01 -1.2127498931e-15 1.4728590694e-15 1.6385845670e-01 -7.5723574436e-16 -1.4090236370e-14 
-2.3487620660e-16 -3.3201652442e-15 5.2275700342e-14 -5.8343863417e-16 2.3469050794e-01 -2.4061125573e-15 -1.1210322172e-15 1.6385845670e-01 2.3138728407e-14 3.6017037054e-17 2.4669075634e-15 -2.2837920042e-14 -2.6952942787e-16 2.3469050794e-01 3.0517501380e-15 5.9755222860e-16 1.6385845670e-01 -5.2156607292e-14 
-2.0900974903e-02 -1.0622978006e-02 5.3150769946e-02 7.7213301004e-15 3.3134203682e-14 4.2686721869e-01 5.4505397876e-15 2.3138728407e-14 3.8398072813e-01 -1.5355846525e-03 -4.6448114271e-02 -7.3361555044e-02 7.9998177363e-15 3.3045015639e-14 -3.2663664186e-02 5.6842697626e-15 2.3066946267e-14 2.0576828071e-01 
1.1895498281e-04 -5.2926704495e-03 -1.6930659810e-03 1.9551935737e-16 5.0670542084e-16 -2.7500590037e-03 2.3888677809e-16 3.6017037054e-17 -1.5355846525e-03 9.9912386761e-01 1.7971455929e-02 -2.0900974903e-02 1.5212939065e-16 3.6243040073e-16 5.9330510372e-03 3.3358590071e-17 4.3250335311e-16 6.2869606989e-03 
-2.7500590037e-03 -1.0766086433e-01 2.0941870626e-01 1.5640062948e-15 3.2657353782e-15 -3.4435867619e-04 4.5821951246e-16 2.4669075634e-15 -4.6448114271e-02 1.7971455929e-02 4.9116656041e-01 4.2686721869e-01 1.0369762662e-15 3.3438712502e-15 -8.4353847735e-02 1.0619484739e-15 2.2500881140e-15 5.1532883954e-02 
-1.5355846524e-03 -3.2663664186e-02 2.0576828071e-01 -8.8188538843e-15 -3.2943187737e-14 -4.6448114271e-02 -6.7092930910e-15 -2.2837920042e-14 -7.3361555044e-02 -2.0900974903e-02 4.2686721869e-01 3.8398072813e-01 -9.3118504035e-15 -3.2861776184e-14 -1.0622978006e-02 -6.2294551415e-15 -2.3018212638e-14 5.3150769946e-02 
-1.3350828661e-16 -1.3760327407e-15 1.9842634294e-14 3.3614154330e-01 1.4907034442e-16 -2.9603446473e-16 2.3469050794e-01 -2.6952942787e-16 7.9998177363e-15 1.5212939065e-16 1.0369762662e-15 -9.3118504035e-15 3.3614154330e-01 1.7676088292e-16 1.8778591469e-15 2.3469050794e-01 2.5154433768e-16 -2.0077816570e-14 
-3.3653140177e-16 -4.6089704413e-15 7.4817461758e-14 -2.7293955455e-16 3.3614154330e-01 -3.5907514087e-15 -1.2127498931e-15 2.3469050794e-01 3.3045015639e-14 3.6243040073e-16 3.3438712502e-15 -3.2861776184e-14 1.7676088292e-16 3.3614154330e-01 4.5184521830e-15 1.2487798955e-15 2.3469050794e-01 -7.4739402574e-14 
-5.2926704495e-03 4.2015263595e-01 1.5747281305e-01 1.9200396808e-15 4.5175941266e-15 -1.0766086433e-01 1.4728590694e-15 3.0517501380e-15 -3.2663664186e-02 5.9330510372e-03 -8.4353847735e-02 -1.0622978006e-02 1.8778591469e-15 4.5184521830e-15 4.2136295228e-01 1.1471599630e-15 3.2034060289e-15 1.5013620805e-01 
-8.5808448389e-17 -1.1321271379e-15 1.3978600012e-14 2.3469050794e-01 1.2294695591e-15 -4.4913606124e-17 1.6385845670e-01 5.9755222860e-16 5.6842697626e-15 3.3358590071e-17 1.0619484739e-15 -6.2294551415e-15 2.3469050794e-01 1.2487798955e-15 1.1471599630e-15 1.6385845670e-01 9.6134870142e-16 -1.3951316506e-14 
-2.4033301948e-16 -3.1681200551e-15 5.2212028586e-14 -6.2364868622e-17 2.3469050794e-01 -2.5268584035e-15 -7.5723574436e-16 1.6385845670e-01 2.3066946267e-14 4.3250335311e-16 2.2500881140e-15 -2.3018212638e-14 2.5154433768e-16 2.3469050794e-01 3.2034060289e-15 9.6134870142e-16 1.6385845670e-01 -5.2183464391e-14 
-1.6930659809e-03 1.5747281305e-01 1.5343432278e-01 -2.0100018359e-14 -7.4704912089e-14 2.0941870626e-01 -1.4090236370e-14 -5.2156607292e-14 2.0576828071e-01 6.2869606989e-03 5.1532883954e-02 5.3150769946e-02 -2.0077816570e-14 -7.4739402574e-14 1.5013620805e-01 -1.3951316506e-14 -5.2183464391e-14 2.0436589156e-01 
