6.9501968276e-01 -7.0212330253e-01 -1.2545082390e-01 -5.6182258803e-16 9.6268446874e-17 8.0779479789e-02 2.8829544893e-02 -1.5925240357e-18 -1.9993975305e-17 1.6406221569e-02 -1.3298084434e-02 7.9137998636e-18 -1.6140115795e-16 -1.4203860450e-02 -8.2853512459e-18 -1.2981786547e-16 1.3502381295e-02 6.7871405842e-03 
9.5766319603e-02 -1.0550825500e-02 5.8732983176e-01 -7.7573281778e-15 -2.3349026369e-15 -2.2222471668e-02 2.5812840773e-01 6.3206106759e-17 -9.7543052214e-16 -1.8205644992e-01 -1.9389656395e-01 -7.5299939186e-16 -3.5738948965e-15 2.0407432070e-01 -1.5724343725e-16 -1.2392893660e-15 1.4131532995e-01 -6.6804211574e-01 
7.5709804241e-02 1.2619448028e-02 3.4908019974e-01 1.2888679281e-13 3.4562992958e-14 1.5908027508e-01 -2.2651963903e-01 1.1032258436e-15 1.4060430687e-14 -5.8054454238e-01 4.8526432448e-01 -5.9952898391e-15 3.8970274249e-14 -2.9260626824e-01 -1.8422016741e-15 2.4471719830e-14 3.0110871974e-01 2.1641577766e-01 
1.1857338834e-16 1.0744510275e-16 7.3595832048e-17 1.3098757003e-03 5.7977567000e-01 -1.5708851319e-15 -3.7128830116e-16 -2.3580858449e-03 -4.7534893643e-01 5.1733011817e-16 2.0652529490e-15 -4.0477040756e-01 -4.4015757114e-03 3.3153153046e-16 7.0853430065e-03 5.2343827333e-01 -1.0110976928e-16 3.1270263167e-16 
7.6380196595e-17 8.7747488163e-17 2.0958313219e-17 5.7977567000e-01 -1.3098757003e-03 -8.3955019866e-17 -5.0228228636e-16 4.7534893643e-01 -2.3580858449e-03 7.9607849951e-16 6.5715590254e-16 4.4015757114e-03 -4.0477040756e-01 -9.9384806796e-17 -5.2343827333e-01 7.0853430065e-03 -4.4732664080e-16 -6.1692274786e-17 
3.9671805131e-02 -7.1199717624e-02 4.6139785365e-02 -6.5337560141e-15 -2.6107560995e-15 -4.9059765567e-01 -4.9163845349e-01 -8.0213160231e-17 -1.1517013624e-15 -3.2582601579e-01 3.4652027047e-02 -1.0219995410e-16 -2.6051773598e-15 5.0337673382e-01 6.1214300492e-16 -9.0049178026e-16 -3.8400064894e-01 2.5008988547e-02 
9.7981283563e-17 9.8349761172e-17 1.3518927046e-17 9.1454150665e-04 4.0479330567e-01 -1.7406899044e-15 3.8833456675e-16 -2.5968508070e-03 -5.2347978417e-01 -7.4279153361e-16 -2.9602136735e-15 5.7974287358e-01 6.3042705287e-03 -3.9572464812e-16 -6.4338879250e-03 -4.7531124226e-01 -1.3262496176e-16 -1.2104807663e-19 
-1.6010313197e-16 -1.5468780328e-16 -1.9114828729e-17 4.0479330567e-01 -9.1454150665e-04 1.2568316531e-16 -5.9840755713e-16 5.2347978417e-01 -2.5968508070e-03 -1.1015555937e-15 -7.7329232331e-16 -6.3042705287e-03 5.7974287358e-01 1.5815307010e-16 4.7531124226e-01 -6.4338879250e-03 2.9509062834e-16 1.8509223844e-17 
2.1693916801e-02 -4.1023138131e-02 1.2377355885e-01 5.6782644177e-14 1.1646870762e-14 -4.7643283233e-01 -3.7352251157e-01 4.9520954126e-16 6.7346733321e-15 1.5294354084e-01 -4.7491584081e-01 -4.8743656825e-15 1.6591601639e-14 -3.4517438724e-01 -1.4751232286e-15 1.0616005529e-14 4.9165506580e-01 7.8818957086e-02 
6.9501968276e-01 7.0212330253e-01 -1.2545082390e-01 6.9368121534e-16 -1.2107852196e-16 -8.0779479789e-02 2.8829544893e-02 -3.6350734356e-17 1.5342631370e-16 -1.6406221569e-02 -1.3298084434e-02 -6.0303054654e-17 1.2793355623e-16 -1.4203860450e-02 -3.6970047519e-17 7.2676041954e-17 -1.3502381295e-02 -6.7871405842e-03 
3.9671805131e-02 7.1199717624e-02 4.6139785365e-02 5.2685008149e-15 3.6729523219e-15 4.9059765567e-01 -4.9163845349e-01 2.6606115875e-16 7.2814104241e-16 3.2582601579e-01 3.4652027047e-02 3.5878455738e-16 1.9641859313e-15 5.0337673382e-01 4.5441380589e-16 8.1216425571e-16 3.8400064894e-01 -2.5008988547e-02 
2.1693916801e-02 4.1023138131e-02 1.2377355885e-01 -5.7120484727e-14 -1.4057826383e-14 4.7643283233e-01 -3.7352251157e-01 -6.4518945067e-16 -5.9688077486e-15 -1.5294354084e-01 -4.7491584081e-01 7.7899586638e-16 -1.7893994389e-14 -3.4517438724e-01 1.1024748391e-16 -1.0415160495e-14 -4.9165506580e-01 -7.8818957086e-02 
1.9187766738e-17 1.8971160644e-17 -5.5012419481e-17 1.3098757003e-03 5.7977567000e-01 -2.3729133988e-15 -1.3253407748e-16 2.3580858449e-03 4.7534893643e-01 5.3407324987e-16 1.5312949158e-15 -4.0477040756e-01 -4.4015757114e-03 -2.1815215521e-16 -7.0853430065e-03 -5.2343827333e-01 1.3826178104e-17 -1.0134834100e-17 
-1.0831309322e-17 -8.9208830943e-18 2.7923599691e-17 5.7977567000e-01 -1.3098757003e-03 1.0340704128e-16 -4.9462972363e-16 -4.7534893643e-01 2.3580858449e-03 6.0248088302e-16 6.2404620824e-16 4.4015757114e-03 -4.0477040756e-01 -7.2028547729e-16 5.2343827333e-01 -7.0853430065e-03 7.3841513971e-17 1.3207624218e-17 
9.5766319603e-02 1.0550825500e-02 5.8732983176e-01 7.9911028764e-15 3.4230607477e-15 2.2222471668e-02 2.5812840773e-01 -1.5434404730e-16 9.4436366672e-16 1.8205644992e-01 -1.9389656395e-01 -6.3679131080e-16 2.5290460764e-15 2.0407432070e-01 3.5699066829e-16 1.1812162469e-15 -1.4131532995e-01 6.6804211574e-01 
-2.1839535832e-17 -2.2655255023e-17 -9.1348228522e-17 9.1454150665e-04 4.0479330567e-01 -1.4719888744e-15 -6.0856150972e-16 2.5968508070e-03 5.2347978417e-01 -8.3458918377e-16 -2.0960171851e-15 5.7974287358e-01 6.3042705287e-03 3.4187510493e-16 6.4338879250e-03 4.7531124226e-01 -1.1744708285e-16 2.0281068246e-17 
1.1504016908e-16 1.1576529290e-16 3.1825693805e-17 4.0479330567e-01 -9.1454150665e-04 -1.1482157258e-17 -2.2811824653e-16 -5.2347978417e-01 2.5968508070e-03 -8.1440144212e-16 -1.1162990973e-15 -6.3042705287e-03 5.7974287358e-01 7.5349363902e-16 -4.7531124226e-01 6.4338879250e-03 -3.9418445752e-17 2.9468572585e-17 
7.5709804241e-02 -1.2619448028e-02 3.4908019974e-01 -1.2917046897e-13 -3.5010324165e-14 -1.5908027508e-01 -2.2651963903e-01 -1.0189933739e-15 -1.4304583030e-14 5.8054454238e-01 4.8526432448e-01 9.8596458697e-15 -3.6664743871e-14 -2.9260626824e-01 1.7719155546e-15 -2.4460419047e-14 -3.0110871974e-01 -2.1641577766e-01 
